45001,'02070559307629202a09',746,,37,8,0,47 14 15,0,375,,32,8,0,47 14 15,0,205,,33,8,0,47 14 15,0,225,,34,9,0,47 14 15,0,285,,36,9,0,47 14 15,0
45001,'075f4276790e1e273655',1121,,280,8,0,47 14 15,0,430,,281,9,0,47 14 15,0,285,,283,9,0,47 14 15,0
45001,'0a2f1e22095132130163',1714,,39,8,0,47 20 58 2 59,0
45001,'0c4d4a5702287833722f',1044,,287,8,0,47 14 15,0,507,,285,8,0,47 14 15,0,400,,286,8,0,47 14 15,0
45001,'1a20552b5a400f716a1b',836,,46,8,0,47 14 15,0,285,,41,8,0,47 14 15,0,205,,42,8,0,47 14 15,0,225,,43,9,0,47 14 15,0,400,,45,9,0,47 14 15,0
45001,'1c2e3625233d01453772',811,,290,8,0,47 14 15,0,435,,288,8,0,47 14 15,0,695,,289,9,0,47 14 15,0
45001,'1f5759673f12020b0a50',746,,292,8,0,47 14 15,0,580,,291,8,0,47 14 15,0
45001,'20705f6f6c1d470f2a10',1121,,294,8,0,47 14 15,0,430,,295,9,0,47 14 15,0,400,,297,9,0,47 14 15,0
45001,'2a08755845643968295b',701,,50,8,0,47 14 15,0,420,,47,8,0,47 14 15,0,325,,48,9,0,47 14 15,0,260,,49,9,0,47 14 15,0
45001,'2a5b3362091f52630354',636,,53,8,0,47 14 15,0,22,,56,10,0,47 20 58 2 59,0,493,,52,8,0,47 14 15,0,295,,54,8,0,47 14 15,0,310,,55,9,0,47 14 15,0
45001,'31744f7e5638320a2d4c',1224,,298,8,0,47 14 15,0
45001,'320823102b697f311363',1044,,301,8,0,47 14 15,0,507,,299,8,0,47 14 15,0,285,,300,8,0,47 14 15,0
45001,'3823594e52252d7f6b14',836,,303,8,0,47 14 15,0,490,,302,8,0,47 14 15,0
45001,'494a652c1e455e3d7c72',1151,,304,8,0,47 14 15,0,295,,305,8,0,47 14 15,0,310,,306,9,0,47 14 15,0
45001,'4d7a6615443531084902',811,,59,8,0,47 14 15,0,435,,57,8,0,47 14 15,0,695,,58,9,0,47 14 15,0
45001,'553d275f1455102c362a',1714,,307,8,0,47 14 15,0
45001,'59737b0d0f044b52693e',701,,308,8,0,47 14 15,0
45001,'725616403949496a5c67',1224,,60,8,0,47 20 58 2 59,0
45001,'7c40501f37807a467b28',1121,,309,8,0,47 14 15,0,325,,310,9,0,47 14 15,0,260,,311,9,0,47 14 15,0
45001,'7f443a14596255477616',636,,313,8,0,47 14 15,0,22,,314,10,0,47 73 74,0
