45400,'02070559307629202a09',917,,167,13,0,19 20 21,0,436,,165,13,0,19 20 21,0,483,,166,13,0,19 20 21,0
45400,'075f4276790e1e273655',917,,391,13,0,19 20 21,0,436,,389,13,0,19 20 21,0,483,,390,13,0,19 20 21,0
45400,'0a2f1e22095132130163',1308,,168,13,0,5 22 23 24,0,509,,169,15,0,5 22 23 24,0
45400,'0e5131610429337c0530',729,,392,3,0,5 22 23 24,0,4,,393,13,0,5 22 23 24,0,1,,394,3,0,5 22 23 24,0
45400,'184134507f4517151633',1308,,395,13,0,5 22 23 24,0,500,,396,13,0,5 22 23 24,0
45400,'1c2e3625233d01453772',1703,,397,13,0,5 22 23 24,0
45400,'2a08755845643968295b',733,,173,13,0,5 22 23 24,0,120,,174,13,0,19 20 21,0,385,,170,13,0,5 22 23 24,0,115,,171,13,0,19 20 21,0,455,,172,13,0,19 20 21,0
45400,'2a5b3362091f52630354',733,,176,13,0,5 22 23 24,0,120,,177,13,0,5 22 23 24,0,575,,175,13,0,5 22 23 24,0
45400,'31744f7e5638320a2d4c',1324,,398,16,0,5 22 23 24,0,484,,399,13,0,5 22 23 24,0
45400,'320823102b697f311363',917,,402,13,0,5 22 23 24,0,436,,400,13,0,5 22 23 24,0,483,,401,13,0,5 22 23 24,0
45400,'416039027b4e59137846',1949,,404,12,0,5 22 23 24,0
45400,'494a652c1e455e3d7c72',853,,406,13,0,5 22 23 24,0,575,,405,13,0,5 22 23 24,0
45400,'4d7a6615443531084902',1703,,178,13,0,5 22 23 24,0
45400,'553d275f1455102c362a',1308,,407,13,0,5 22 23 24,0,509,,408,15,0,5 22 23 24,0
45400,'59737b0d0f044b52693e',733,,409,13,0,5 22 23 24,0
45400,'693b6416011017175f3d',1949,,180,12,0,5 22 23 24,0
45400,'725616403949496a5c67',1324,,181,16,0,5 22 23 24,0,484,,182,13,0,5 22 23 24,0
45400,'7c40501f37807a467b28',853,,413,13,0,19 20 21,0,385,,410,13,0,5 22 23 24,0,115,,411,13,0,19 20 21,0,455,,412,13,0,19 20 21,0
45400,'7f443a14596255477616',733,,414,13,0,5 22 23 24,0
45401,'02070559307629202a09',726,,184,4,0,28 22 14 15,0,424,,185,4,0,28 22 14 15,0,498,,183,4,0,28 22 14 15,0
45401,'075f4276790e1e273655',726,,416,4,0,28 22 14 15,0,424,,417,4,0,28 22 14 15,0,498,,415,4,0,28 22 14 15,0
45401,'0a2f1e22095132130163',1223,,186,3,0,28 22 14 15,0
45401,'0e5131610429337c0530',606,,418,3,0,28 29 30 31 20 32,0
45401,'184134507f4517151633',641,,420,3,0,28 22 14 15,0,582,,419,3,0,28 22 14 15,0
45401,'1c2e3625233d01453772',806,,421,3,0,28 22 14 15,0
45401,'2a08755845643968295b',641,,190,4,0,28 22 14 15,0,509,,191,4,0,28 22 14 15,0,186,,187,3,0,28 22 14 15,0,214,,188,4,0,28 22 14 15,0,188,,189,3,0,28 29 30 31 20 32,0
45401,'2a5b3362091f52630354',641,,195,3,0,28 22 14 15,0,715,,192,3,0,28 22 14 15,0,194,,193,3,0,28 22 14 15,0,198,,194,5,0,28 29 30 31 20 32,0
45401,'31744f7e5638320a2d4c',1233,,422,5,0,28 22 14 15,0
45401,'320823102b697f311363',726,,425,3,0,28 22 14 15,0,424,,423,3,0,28 22 14 15,0,498,,424,3,0,28 22 14 15,0
45401,'416039027b4e59137846',1748,,426,5,0,28 29 30 31 20 32,0,5,,427,5,0,28 29 30 31 20 32,0
45401,'494a652c1e455e3d7c72',1356,,428,3,0,28 22 14 15,0,194,,429,3,0,28 22 14 15,0
45401,'4d7a6615443531084902',806,,196,3,0,28 22 14 15,0
45401,'553d275f1455102c362a',1223,,430,3,0,28 22 14 15,0
45401,'59737b0d0f044b52693e',1738,,431,3,0,28 29 30 31 20 32,0
45401,'693b6416011017175f3d',1748,,197,5,0,28 29 30 31 20 32,0,5,,198,5,0,28 29 30 31 20 32,0
45401,'725616403949496a5c67',1233,,199,5,0,28 22 14 15,0
45401,'7c40501f37807a467b28',641,,434,4,0,28 22 14 15,0,509,,435,4,0,28 22 14 15,0,186,,432,3,0,28 22 14 15,0,214,,433,4,0,28 22 14 15,0
45401,'7f443a14596255477616',641,,437,3,0,28 22 14 15,0,1107,,436,5,0,28 29 30 31 20 32,0
