45700,'02070559307629202a09',814,,225,9,0,19 20 21,0,330,,226,9,0,19 20 21,0,300,,227,9,0,19 20 21,0
45700,'075f4276790e1e273655',815,,463,9,0,19 20 21,0,330,,464,9,0,19 20 21,0,300,,465,9,0,19 20 21,0
45700,'1c2e3625233d01453772',815,,466,9,0,19 20 21,0,330,,467,9,0,19 20 21,0,300,,468,9,0,19 20 21,0
45700,'4d7a6615443531084902',814,,230,9,0,19 20 21,0,330,,231,9,0,19 20 21,0,300,,232,9,0,19 20 21,0
45701,'02070559307629202a09',1034,,233,13,0,63 64,0,320,,234,13,0,63 64,0,462,,235,13,0,63 64,0
45701,'06693a797f7b73176b39',1815,,471,13,0,63 64,0
45701,'075f4276790e1e273655',1033,,472,13,0,63 64,0,320,,473,13,0,63 64,0,462,,474,13,0,63 64,0
45701,'1c2e3625233d01453772',1033,,475,13,0,63 64,0,320,,476,13,0,63 64,0
45701,'1c42311e025d3b40504f',1816,,236,13,0,63 64,0
45701,'2a08755845643968295b',1816,,238,13,0,63 64,0
45701,'416039027b4e59137846',1815,,480,14,0,63 64,0
45701,'4d7a6615443531084902',1034,,239,13,0,63 64,0,320,,240,13,0,63 64,0
45701,'59737b0d0f044b52693e',1815,,482,13,0,63 64,0
45701,'693b6416011017175f3d',1816,,242,14,0,63 64,0
