45100,'02070559307629202a09',729,,64,4,0,28 12 38,0,390,,61,4,0,28 12 38,0,300,,62,4,0,28 12 38,0,240,,63,4,0,28 12 38,0
45100,'0a2f1e22095132130163',1744,,65,5,0,28 12 38,0
45100,'0d4e3278231744213640',1227,,315,5,0,28 12 38,0,400,,316,5,0,28 12 38,0,295,,317,4,0,28 12 38,0
45100,'0e5131610429337c0530',607,,318,5,0,28 29 30 31 20 32,0
45100,'184134507f4517151633',842,,319,4,0,28 12 38,0
45100,'1c2e3625233d01453772',1422,,320,4,0,28 12 38,0
45100,'2a08755845643968295b',729,,68,4,0,28 12 38,0,390,,66,4,0,28 12 38,0,540,,67,4,0,28 12 38,0
45100,'2a5b3362091f52630354',704,,75,4,0,39 6 40 41,0,10,,76,4,0,39 6 40 41,0,2,,77,4,0,39 6 40 41,0,43,,78,5,0,28 42 43,0,80,,79,5,0,28 42 43,0,180,,69,4,0,28 12 38,0,205,,70,5,0,28 12 38,0,305,,71,4,0,28 12 38,0,95,,72,5,0,28 12 38,0,100,,73,5,0,28 12 38,0,100,,74,5,0,28 12 38,0
45100,'31744f7e5638320a2d4c',1327,,321,4,0,28 12 38,0
45100,'320823102b697f311363',832,,322,4,0,28 12 38,0
45100,'34470046707605410b09',732,,326,4,0,28 12 38,0,390,,323,4,0,28 12 38,0,300,,324,4,0,28 12 38,0,280,,325,4,0,28 12 38,0
45100,'494a652c1e455e3d7c72',1532,,327,4,0,28 12 38,0
45100,'4d7a6615443531084902',1419,,80,4,0,28 12 38,0
45100,'553d275f1455102c362a',1747,,328,5,0,28 12 38,0
45100,'59737b0d0f044b52693e',732,,331,4,0,28 12 38,0,390,,329,4,0,28 12 38,0,580,,330,4,0,28 12 38,0
45100,'720e2d0f476223047d12',1532,,332,4,0,28 12 38,0
45100,'725616403949496a5c67',1324,,81,4,0,28 12 38,0
45100,'7f443a14596255477616',707,,338,4,0,39 6 40 41,0,10,,340,4,0,39 6 40 41,0,85,,341,5,0,28 42 43,0,40,,342,5,0,28 42 43,0,180,,333,4,0,28 12 38,0,205,,334,5,0,28 12 38,0,400,,335,5,0,28 12 38,0,100,,336,5,0,28 12 38,0,100,,337,5,0,28 12 38,0
45101,'02070559307629202a09',947,,85,13,0,44 14 45 46,0,295,,82,13,0,44 14 45 46,0,300,,83,13,0,44 14 45 46,0,285,,84,12,0,44 14 45 46,0
45101,'06693a797f7b73176b39',1852,,343,15,0,44 14 45 46,0
45101,'075f4276790e1e273655',1827,,344,12,0,44 14 45 46,0
45101,'0a2f1e22095132130163',1242,,86,13,0,44 14 45 46,0,395,,87,14,0,44 14 45 46,0,120,,88,15,0,44 14 45 46,0,2,,89,15,0,44 14 45 46,0,73,,90,15,0,44 14 45 46,0
45101,'0d4e3278231744213640',726,,346,14,0,44 14 45 46,0,601,,345,13,0,44 14 45 46,0,415,,347,13,0,44 14 45 46,0
45101,'184134507f4517151633',1707,,348,13,0,44 14 45 46,0,125,,349,15,0,44 14 45 46,0
45101,'1c2e3625233d01453772',946,,351,13,0,44 14 45 46,0,596,,350,13,0,44 14 45 46,0
45101,'1c42311e025d3b40504f',1852,,91,15,0,44 14 45 46,0
45101,'1f5759673f12020b0a50',946,,352,13,0,44 14 45 46,0
45101,'2a08755845643968295b',1242,,92,13,0,44 14 45 46,0,585,,93,12,0,44 14 45 46,0
45101,'2a5b3362091f52630354',727,,95,14,0,44 14 45 46,0,80,,96,14,0,44 14 45 46,0,35,,97,13,0,44 14 45 46,0,15,,98,13,0,44 14 45 46,0,470,,94,13,0,44 14 45 46,0
45101,'31744f7e5638320a2d4c',1254,,357,16,0,44 14 45 46,0,55,,353,16,0,44 14 45 46,0,328,,354,13,0,44 14 45 46,0,110,,355,13,0,44 14 45 46,0,75,,356,13,0,44 14 45 46,0
45101,'34470046707605410b09',1242,,358,13,0,44 14 45 46,0,300,,359,13,0,44 14 45 46,0
45101,'416039027b4e59137846',1928,,360,15,0,44 14 45 46,0
45101,'494a652c1e455e3d7c72',841,,361,13,0,44 14 45 46,0
45101,'4d7a6615443531084902',947,,100,13,0,44 14 45 46,0,595,,99,13,0,44 14 45 46,0
45101,'553d275f1455102c362a',1242,,362,13,0,44 14 45 46,0,395,,363,14,0,44 14 45 46,0,120,,364,15,0,44 14 45 46,0,2,,365,15,0,44 14 45 46,0,73,,366,15,0,44 14 45 46,0
45101,'59737b0d0f044b52693e',1242,,367,13,0,44 14 45 46,0
45101,'693b6416011017175f3d',1928,,101,15,0,44 14 45 46,0
45101,'720e2d0f476223047d12',841,,370,13,0,44 14 45 46,0,866,,368,13,0,44 14 45 46,0,125,,369,14,0,44 14 45 46,0
45101,'725616403949496a5c67',1254,,106,16,0,44 14 45 46,0,55,,102,16,0,44 14 45 46,0,328,,103,13,0,44 14 45 46,0,110,,104,13,0,44 14 45 46,0,75,,105,13,0,44 14 45 46,0
45101,'7c40501f37807a467b28',1827,,371,12,0,44 14 45 46,0
45101,'7f443a14596255477616',726,,373,14,0,44 14 45 46,0,81,,374,14,0,44 14 45 46,0,50,,375,13,0,44 14 45 46,0,470,,372,13,0,44 14 45 46,0
