45600,'02070559307629202a09',900,,219,1,0,5 22 23 24,0
45600,'1f5759673f12020b0a50',900,,457,1,0,5 22 23 24,0
45600,'2a5b3362091f52630354',650,,220,1,0,5 6 7,0
45600,'31744f7e5638320a2d4c',1315,,458,1,0,5 6 7,0
45600,'725616403949496a5c67',1315,,221,1,0,5 6 7,0
45600,'7f443a14596255477616',650,,459,1,0,5 6 7,0
45601,'02070559307629202a09',1312,,222,16,4,,0
45601,'1f5759673f12020b0a50',1312,,460,16,4,,0
45601,'2a5b3362091f52630354',1827,,223,19,4,,0
45601,'31744f7e5638320a2d4c',1312,,461,19,4,,0
45601,'725616403949496a5c67',1312,,224,19,4,,0
45601,'7f443a14596255477616',1827,,462,19,4,,0
