45100,'02070559307629202a09',733,,64,5,0,28 12 38,0,390,,61,5,0,28 12 38,0,300,,62,5,0,28 12 38,0,280,,63,5,0,28 12 38,0
45100,'0a2f1e22095132130163',1748,,65,6,0,28 12 38,0
45100,'2a08755845643968295b',733,,68,5,0,28 12 38,0,390,,66,5,0,28 12 38,0,580,,67,5,0,28 12 38,0
45100,'2a5b3362091f52630354',708,,75,5,0,39 6 40 41,0,10,,76,5,0,39 6 40 41,0,2,,77,5,0,39 6 40 41,0,83,,78,6,0,28 42 43,0,40,,79,6,0,28 42 43,0,180,,69,5,0,28 12 38,0,205,,70,6,0,28 12 38,0,305,,71,5,0,28 12 38,0,95,,72,6,0,28 12 38,0,100,,73,6,0,28 12 38,0,100,,74,6,0,28 12 38,0
45100,'4d7a6615443531084902',1423,,80,5,0,28 12 38,0
45100,'725616403949496a5c67',1328,,81,5,0,28 12 38,0
45101,'02070559307629202a09',944,,85,12,0,44 14 45 46,0,295,,82,12,0,44 14 45 46,0,300,,83,12,0,44 14 45 46,0,285,,84,11,0,44 14 45 46,0
45101,'0a2f1e22095132130163',1239,,86,12,0,44 14 45 46,0,395,,87,13,0,44 14 45 46,0,120,,88,14,0,44 14 45 46,0,2,,89,14,0,44 14 45 46,0,73,,90,14,0,44 14 45 46,0
45101,'1c42311e025d3b40504f',1849,,91,14,0,44 14 45 46,0
45101,'2a08755845643968295b',1239,,92,12,0,44 14 45 46,0,585,,93,11,0,44 14 45 46,0
45101,'2a5b3362091f52630354',724,,95,13,0,44 14 45 46,0,80,,96,13,0,44 14 45 46,0,35,,97,12,0,44 14 45 46,0,15,,98,12,0,44 14 45 46,0,470,,94,12,0,44 14 45 46,0
45101,'4d7a6615443531084902',944,,100,12,0,44 14 45 46,0,595,,99,12,0,44 14 45 46,0
45101,'693b6416011017175f3d',1925,,101,14,0,44 14 45 46,0
45101,'725616403949496a5c67',1252,,106,15,0,44 14 45 46,0,54,,102,15,0,44 14 45 46,0,328,,103,12,0,44 14 45 46,0,110,,104,12,0,44 14 45 46,0,75,,105,12,0,44 14 45 46,0
