45101,'02070559307629202a09',930,,85,5,0,44 14 45 46,0,295,,82,5,0,44 14 45 46,0,300,,83,5,0,44 14 45 46,0,285,,84,5,0,44 14 45 46,0
45101,'06693a797f7b73176b39',1837,,343,7,0,44 14 45 46,0
45101,'075f4276790e1e273655',1810,,344,5,0,44 14 45 46,0
45101,'0a2f1e22095132130163',1225,,86,5,0,44 14 45 46,0,395,,87,6,0,44 14 45 46,0,120,,88,7,0,44 14 45 46,0,2,,89,7,0,44 14 45 46,0,75,,90,7,0,44 14 45 46,0
45101,'0d4e3278231744213640',710,,346,6,0,44 14 45 46,0,600,,345,5,0,44 14 45 46,0,415,,347,5,0,44 14 45 46,0
45101,'184134507f4517151633',1650,,348,6,0,44 14 45 46,0,167,,349,7,0,44 14 45 46,0
45101,'1c2e3625233d01453772',930,,351,5,0,44 14 45 46,0,595,,350,5,0,44 14 45 46,0
45101,'1c42311e025d3b40504f',1837,,91,7,0,44 14 45 46,0
45101,'1f5759673f12020b0a50',930,,352,5,0,44 14 45 46,0
45101,'2a08755845643968295b',1225,,92,5,0,44 14 45 46,0,585,,93,5,0,44 14 45 46,0
45101,'2a5b3362091f52630354',710,,95,6,0,44 14 45 46,0,40,,96,6,0,44 14 45 46,0,75,,97,5,0,44 14 45 46,0,15,,98,5,0,44 14 45 46,0,470,,94,5,0,44 14 45 46,0
45101,'31744f7e5638320a2d4c',1236,,357,8,0,44 14 45 46,0,16,,353,8,0,44 14 45 46,0,368,,354,5,0,44 14 45 46,0,110,,355,5,0,44 14 45 46,0,75,,356,5,0,44 14 45 46,0
45101,'34470046707605410b09',1225,,358,5,0,44 14 45 46,0,300,,359,5,0,44 14 45 46,0
45101,'416039027b4e59137846',1912,,360,7,0,44 14 45 46,0
45101,'494a652c1e455e3d7c72',825,,361,5,0,44 14 45 46,0
45101,'4d7a6615443531084902',930,,100,5,0,44 14 45 46,0,595,,99,5,0,44 14 45 46,0
45101,'553d275f1455102c362a',1225,,362,5,0,44 14 45 46,0,395,,363,6,0,44 14 45 46,0,120,,364,7,0,44 14 45 46,0,2,,365,7,0,44 14 45 46,0,75,,366,7,0,44 14 45 46,0
45101,'59737b0d0f044b52693e',1225,,367,5,0,44 14 45 46,0
45101,'693b6416011017175f3d',1912,,101,7,0,44 14 45 46,0
45101,'720e2d0f476223047d12',825,,370,5,0,44 14 45 46,0,825,,368,6,0,44 14 45 46,0,167,,369,6,0,44 14 45 46,0
45101,'725616403949496a5c67',1244,,106,8,0,44 14 45 46,0,8,,102,8,0,44 14 45 46,0,368,,103,5,0,44 14 45 46,0,110,,104,5,0,44 14 45 46,0,75,,105,5,0,44 14 45 46,0
45101,'7c40501f37807a467b28',1810,,371,5,0,44 14 45 46,0
45101,'7f443a14596255477616',710,,373,6,0,44 14 45 46,0,40,,374,6,0,44 14 45 46,0,90,,375,5,0,44 14 45 46,0,470,,372,5,0,44 14 45 46,0
