45600,'02070559307629202a09',919,,219,8,0,5 22 23 24,0
45600,'1f5759673f12020b0a50',919,,457,8,0,5 22 23 24,0
45600,'2a5b3362091f52630354',709,,220,8,0,5 6 7,0
45600,'31744f7e5638320a2d4c',1334,,458,8,0,5 6 7,0
45600,'725616403949496a5c67',1334,,221,8,0,5 6 7,0
45600,'7f443a14596255477616',709,,459,8,0,5 6 7,0
45601,'02070559307629202a09',1248,,222,9,0,26 27,0
45601,'1f5759673f12020b0a50',1248,,460,9,0,26 27,0
45601,'2a5b3362091f52630354',1803,,223,12,0,26 27,0
45601,'31744f7e5638320a2d4c',1248,,461,12,0,26 27,0
45601,'725616403949496a5c67',1248,,224,12,0,26 27,0
45601,'7f443a14596255477616',1803,,462,12,0,26 27,0
