45500,'02070559307629202a09',934,,200,7,0,5 8 9 10,0,479,,201,7,0,5 8 9 10,0
45500,'200a2d69427732221f48',1348,,202,7,0,5 8 9 10,0
45500,'2a5b3362091f52630354',724,,203,5,0,5 6 7,0
45500,'2e1c0e785a2119762825',1348,,205,7,0,5 8 9 10,0
45500,'4d7a6615443531084902',858,,206,7,0,5 8 9 10,0,195,,207,7,0,5 8 9 10,0
45500,'725616403949496a5c67',1348,,208,12,0,5 8 9 10,0
45501,'02070559307629202a09',1233,,209,2,0,33 20,0,485,,210,2,0,33 20,0
45501,'0a2f1e22095132130163',1748,,212,2,0,34 35,0
45501,'2a08755845643968295b',1748,,213,2,0,33 20,0
45501,'2a5b3362091f52630354',823,,214,5,0,33 20,0
45501,'4d7a6615443531084902',918,,215,2,0,33 20,0,315,,216,2,0,33 20,0
45501,'725616403949496a5c67',1233,,217,5,0,11 12,0,515,,218,2,0,11 12,0
45600,'02070559307629202a09',934,,219,15,0,5 22 23 24,0
45600,'2a5b3362091f52630354',724,,220,15,0,5 6 7,0
45600,'725616403949496a5c67',1349,,221,15,0,5 6 7,0
45601,'02070559307629202a09',1233,,222,2,0,26 27,0
45601,'2a5b3362091f52630354',1748,,223,5,0,26 27,0
45601,'725616403949496a5c67',1233,,224,5,0,26 27,0
