45100,'02070559307629202a09',722,,64,2,0,28 12 38,0,390,,61,2,0,28 12 38,0,300,,62,2,0,28 12 38,0,240,,63,2,0,28 12 38,0
45100,'0a2f1e22095132130163',1737,,65,3,0,28 12 38,0
45100,'0d4e3278231744213640',1217,,315,3,0,28 12 38,0,400,,316,3,0,28 12 38,0,295,,317,2,0,28 12 38,0
45100,'0e5131610429337c0530',557,,318,3,0,28 29 30 31 20 32,0
45100,'184134507f4517151633',832,,319,2,0,28 12 38,0
45100,'1c2e3625233d01453772',1412,,320,2,0,28 12 38,0
45100,'2a08755845643968295b',722,,68,2,0,28 12 38,0,390,,66,2,0,28 12 38,0,540,,67,2,0,28 12 38,0
45100,'2a5b3362091f52630354',657,,75,2,0,39 6 40 41,0,50,,76,2,0,39 6 40 41,0,2,,77,2,0,39 6 40 41,0,43,,78,3,0,28 42 43,0,80,,79,3,0,28 42 43,0,180,,69,2,0,28 12 38,0,205,,70,3,0,28 12 38,0,305,,71,2,0,28 12 38,0,95,,72,3,0,28 12 38,0,100,,73,3,0,28 12 38,0,100,,74,3,0,28 12 38,0
45100,'31744f7e5638320a2d4c',1317,,321,2,0,28 12 38,0
45100,'320823102b697f311363',822,,322,2,0,28 12 38,0
45100,'34470046707605410b09',722,,326,2,0,28 12 38,0,390,,323,2,0,28 12 38,0,300,,324,2,0,28 12 38,0,240,,325,2,0,28 12 38,0
45100,'494a652c1e455e3d7c72',1522,,327,2,0,28 12 38,0
45100,'4d7a6615443531084902',1412,,80,2,0,28 12 38,0
45100,'553d275f1455102c362a',1737,,328,3,0,28 12 38,0
45100,'59737b0d0f044b52693e',722,,331,2,0,28 12 38,0,390,,329,2,0,28 12 38,0,540,,330,2,0,28 12 38,0
45100,'720e2d0f476223047d12',1522,,332,2,0,28 12 38,0
45100,'725616403949496a5c67',1317,,81,2,0,28 12 38,0
45100,'7f443a14596255477616',657,,338,2,0,39 6 40 41,0,50,,339,2,0,39 6 40 41,0,2,,340,2,0,39 6 40 41,0,43,,341,3,0,28 42 43,0,80,,342,3,0,28 42 43,0,180,,333,2,0,28 12 38,0,205,,334,3,0,28 12 38,0,400,,335,3,0,28 12 38,0,100,,336,3,0,28 12 38,0,100,,337,3,0,28 12 38,0
45101,'02070559307629202a09',953,,85,15,0,44 14 45 46,0,297,,82,15,0,44 14 45 46,0,300,,83,15,0,44 14 45 46,0,285,,84,14,0,44 14 45 46,0
45101,'06693a797f7b73176b39',1900,,343,17,0,44 14 45 46,0
45101,'075f4276790e1e273655',1835,,344,14,0,44 14 45 46,0
45101,'0a2f1e22095132130163',1250,,86,15,0,44 14 45 46,0,393,,87,16,0,44 14 45 46,0,162,,88,17,0,44 14 45 46,0,2,,89,17,0,44 14 45 46,0,31,,90,17,0,44 14 45 46,0
45101,'0d4e3278231744213640',733,,346,16,0,44 14 45 46,0,602,,345,15,0,44 14 45 46,0,415,,347,15,0,44 14 45 46,0
45101,'184134507f4517151633',1715,,348,15,0,44 14 45 46,0,125,,349,17,0,44 14 45 46,0
45101,'1c2e3625233d01453772',953,,351,15,0,44 14 45 46,0,597,,350,15,0,44 14 45 46,0
45101,'1c42311e025d3b40504f',1900,,91,17,0,44 14 45 46,0
45101,'1f5759673f12020b0a50',953,,352,15,0,44 14 45 46,0
45101,'2a08755845643968295b',1250,,92,15,0,44 14 45 46,0,585,,93,14,0,44 14 45 46,0
45101,'2a5b3362091f52630354',733,,95,16,0,44 14 45 46,0,80,,96,16,0,44 14 45 46,0,35,,97,15,0,44 14 45 46,0,57,,98,15,0,44 14 45 46,0,430,,94,15,0,44 14 45 46,0
45101,'31744f7e5638320a2d4c',1303,,357,18,0,44 14 45 46,0,14,,353,18,0,44 14 45 46,0,328,,354,15,0,44 14 45 46,0,110,,355,15,0,44 14 45 46,0,75,,356,15,0,44 14 45 46,0
45101,'34470046707605410b09',1250,,358,15,0,44 14 45 46,0,300,,359,15,0,44 14 45 46,0
45101,'416039027b4e59137846',1938,,360,17,0,44 14 45 46,0
45101,'494a652c1e455e3d7c72',848,,361,15,0,44 14 45 46,0
45101,'4d7a6615443531084902',953,,100,15,0,44 14 45 46,0,597,,99,15,0,44 14 45 46,0
45101,'553d275f1455102c362a',1250,,362,15,0,44 14 45 46,0,395,,363,16,0,44 14 45 46,0,160,,364,17,0,44 14 45 46,0,2,,365,17,0,44 14 45 46,0,33,,366,17,0,44 14 45 46,0
45101,'59737b0d0f044b52693e',1250,,367,15,0,44 14 45 46,0
45101,'693b6416011017175f3d',1938,,101,17,0,44 14 45 46,0
45101,'720e2d0f476223047d12',848,,370,15,0,44 14 45 46,0,867,,368,15,0,44 14 45 46,0,125,,369,16,0,44 14 45 46,0
45101,'725616403949496a5c67',1300,,106,18,0,44 14 45 46,0,17,,102,18,0,44 14 45 46,0,326,,103,15,0,44 14 45 46,0,112,,104,15,0,44 14 45 46,0,73,,105,15,0,44 14 45 46,0
45101,'7c40501f37807a467b28',1835,,371,14,0,44 14 45 46,0
45101,'7f443a14596255477616',733,,373,16,0,44 14 45 46,0,80,,374,16,0,44 14 45 46,0,92,,375,15,0,44 14 45 46,0,430,,372,15,0,44 14 45 46,0
