45100,'02070559307629202a09',725,,64,3,0,28 12 38,0,390,,61,3,0,28 12 38,0,300,,62,3,0,28 12 38,0,240,,63,3,0,28 12 38,0
45100,'0a2f1e22095132130163',1740,,65,4,0,28 12 38,0
45100,'0d4e3278231744213640',1220,,315,4,0,28 12 38,0,400,,316,4,0,28 12 38,0,295,,317,3,0,28 12 38,0
45100,'0e5131610429337c0530',600,,318,4,0,28 29 30 31 20 32,0
45100,'184134507f4517151633',835,,319,3,0,28 12 38,0
45100,'1c2e3625233d01453772',1415,,320,3,0,28 12 38,0
45100,'2a08755845643968295b',725,,68,3,0,28 12 38,0,390,,66,3,0,28 12 38,0,540,,67,3,0,28 12 38,0
45100,'2a5b3362091f52630354',700,,75,3,0,39 6 40 41,0,10,,76,3,0,39 6 40 41,0,2,,77,3,0,39 6 40 41,0,43,,78,4,0,28 42 43,0,80,,79,4,0,28 42 43,0,180,,69,3,0,28 12 38,0,205,,70,4,0,28 12 38,0,305,,71,3,0,28 12 38,0,95,,72,4,0,28 12 38,0,100,,73,4,0,28 12 38,0,100,,74,4,0,28 12 38,0
45100,'31744f7e5638320a2d4c',1320,,321,3,0,28 12 38,0
45100,'320823102b697f311363',825,,322,3,0,28 12 38,0
45100,'34470046707605410b09',725,,326,3,0,28 12 38,0,390,,323,3,0,28 12 38,0,300,,324,3,0,28 12 38,0,240,,325,3,0,28 12 38,0
45100,'494a652c1e455e3d7c72',1525,,327,3,0,28 12 38,0
45100,'4d7a6615443531084902',1415,,80,3,0,28 12 38,0
45100,'553d275f1455102c362a',1740,,328,4,0,28 12 38,0
45100,'59737b0d0f044b52693e',725,,331,3,0,28 12 38,0,390,,329,3,0,28 12 38,0,540,,330,3,0,28 12 38,0
45100,'720e2d0f476223047d12',1525,,332,3,0,28 12 38,0
45100,'725616403949496a5c67',1320,,81,3,0,28 12 38,0
45100,'7f443a14596255477616',700,,338,3,0,39 6 40 41,0,10,,339,3,0,39 6 40 41,0,2,,340,3,0,39 6 40 41,0,43,,341,4,0,28 42 43,0,80,,342,4,0,28 42 43,0,180,,333,3,0,28 12 38,0,205,,334,4,0,28 12 38,0,400,,335,4,0,28 12 38,0,100,,336,4,0,28 12 38,0,100,,337,4,0,28 12 38,0
45101,'02070559307629202a09',951,,85,14,0,44 14 45 46,0,297,,82,14,0,44 14 45 46,0,300,,83,14,0,44 14 45 46,0,285,,84,13,0,44 14 45 46,0
45101,'06693a797f7b73176b39',1858,,343,16,0,44 14 45 46,0
45101,'075f4276790e1e273655',1833,,344,13,0,44 14 45 46,0
45101,'0a2f1e22095132130163',1248,,86,14,0,44 14 45 46,0,393,,87,15,0,44 14 45 46,0,162,,88,16,0,44 14 45 46,0,2,,89,16,0,44 14 45 46,0,31,,90,16,0,44 14 45 46,0
45101,'0d4e3278231744213640',732,,346,15,0,44 14 45 46,0,601,,345,14,0,44 14 45 46,0,415,,347,14,0,44 14 45 46,0
45101,'184134507f4517151633',1713,,348,14,0,44 14 45 46,0,125,,349,16,0,44 14 45 46,0
45101,'1c2e3625233d01453772',952,,351,14,0,44 14 45 46,0,596,,350,14,0,44 14 45 46,0
45101,'1c42311e025d3b40504f',1858,,91,16,0,44 14 45 46,0
45101,'1f5759673f12020b0a50',952,,352,14,0,44 14 45 46,0
45101,'2a08755845643968295b',1248,,92,14,0,44 14 45 46,0,585,,93,13,0,44 14 45 46,0
45101,'2a5b3362091f52630354',731,,95,15,0,44 14 45 46,0,80,,96,15,0,44 14 45 46,0,35,,97,14,0,44 14 45 46,0,57,,98,14,0,44 14 45 46,0,430,,94,14,0,44 14 45 46,0
45101,'31744f7e5638320a2d4c',1300,,357,17,0,44 14 45 46,0,15,,353,17,0,44 14 45 46,0,328,,354,14,0,44 14 45 46,0,110,,355,14,0,44 14 45 46,0,75,,356,14,0,44 14 45 46,0
45101,'34470046707605410b09',1248,,358,14,0,44 14 45 46,0,300,,359,14,0,44 14 45 46,0
45101,'416039027b4e59137846',1936,,360,16,0,44 14 45 46,0
45101,'494a652c1e455e3d7c72',847,,361,14,0,44 14 45 46,0
45101,'4d7a6615443531084902',951,,100,14,0,44 14 45 46,0,597,,99,14,0,44 14 45 46,0
45101,'553d275f1455102c362a',1248,,362,14,0,44 14 45 46,0,395,,363,15,0,44 14 45 46,0,160,,364,16,0,44 14 45 46,0,2,,365,16,0,44 14 45 46,0,33,,366,16,0,44 14 45 46,0
45101,'59737b0d0f044b52693e',1248,,367,14,0,44 14 45 46,0
45101,'693b6416011017175f3d',1936,,101,16,0,44 14 45 46,0
45101,'720e2d0f476223047d12',847,,370,14,0,44 14 45 46,0,866,,368,14,0,44 14 45 46,0,125,,369,15,0,44 14 45 46,0
45101,'725616403949496a5c67',1257,,106,17,0,44 14 45 46,0,58,,102,17,0,44 14 45 46,0,326,,103,14,0,44 14 45 46,0,112,,104,14,0,44 14 45 46,0,73,,105,14,0,44 14 45 46,0
45101,'7c40501f37807a467b28',1833,,371,13,0,44 14 45 46,0
45101,'7f443a14596255477616',732,,373,15,0,44 14 45 46,0,80,,374,15,0,44 14 45 46,0,91,,375,14,0,44 14 45 46,0,430,,372,14,0,44 14 45 46,0
