45500,'02070559307629202a09',933,,200,6,0,5 8 9 10,0,479,,201,6,0,5 8 9 10,0
45500,'200a2d69427732221f48',1347,,202,6,0,5 8 9 10,0
45500,'2a5b3362091f52630354',723,,203,4,0,5 6 7,0
45500,'2e1c0e785a2119762825',1347,,205,6,0,5 8 9 10,0
45500,'4d7a6615443531084902',857,,206,6,0,5 8 9 10,0,195,,207,6,0,5 8 9 10,0
45500,'725616403949496a5c67',1347,,208,11,0,5 8 9 10,0
45501,'02070559307629202a09',1235,,209,3,0,33 20,0,485,,210,3,0,33 20,0
45501,'0a2f1e22095132130163',1750,,212,3,0,34 35,0
45501,'2a08755845643968295b',1750,,213,3,0,33 20,0
45501,'2a5b3362091f52630354',825,,214,6,0,33 20,0
45501,'4d7a6615443531084902',920,,215,3,0,33 20,0,315,,216,3,0,33 20,0
45501,'725616403949496a5c67',1235,,217,6,0,11 12,0,515,,218,3,0,11 12,0
45600,'02070559307629202a09',933,,219,14,0,5 22 23 24,0
45600,'2a5b3362091f52630354',723,,220,14,0,5 6 7,0
45600,'725616403949496a5c67',1348,,221,14,0,5 6 7,0
45601,'02070559307629202a09',1235,,222,3,0,26 27,0
45601,'2a5b3362091f52630354',1750,,223,6,0,26 27,0
45601,'725616403949496a5c67',1235,,224,6,0,26 27,0
