45700,'02070559307629202a09',805,,225,3,0,19 20 21,0,330,,226,3,0,19 20 21,0,300,,227,3,0,19 20 21,0
45700,'075f4276790e1e273655',805,,463,3,0,19 20 21,0,330,,464,3,0,19 20 21,0,300,,465,3,0,19 20 21,0
45700,'1c2e3625233d01453772',805,,466,3,0,19 20 21,0,330,,467,3,0,19 20 21,0,300,,468,3,0,19 20 21,0
45700,'4d7a6615443531084902',805,,230,3,0,19 20 21,0,330,,231,3,0,19 20 21,0,300,,232,3,0,19 20 21,0
45701,'02070559307629202a09',1043,,233,19,0,63 64,0,360,,234,19,0,63 64,0,422,,235,19,0,63 64,0
45701,'06693a797f7b73176b39',1826,,471,19,0,63 64,0
45701,'075f4276790e1e273655',1044,,472,19,0,63 64,0,360,,473,19,0,63 64,0,422,,474,19,0,63 64,0
45701,'1c2e3625233d01453772',1044,,475,19,0,63 64,0,360,,476,19,0,63 64,0
45701,'1c42311e025d3b40504f',1825,,236,19,0,63 64,0
45701,'2a08755845643968295b',1825,,238,19,0,63 64,0
45701,'416039027b4e59137846',1826,,480,20,0,63 64,0
45701,'4d7a6615443531084902',1043,,239,19,0,63 64,0,360,,240,19,0,63 64,0
45701,'59737b0d0f044b52693e',1826,,482,19,0,63 64,0
45701,'693b6416011017175f3d',1825,,242,20,0,63 64,0
