45600,'02070559307629202a09',915,,219,7,0,5 22 23 24,0
45600,'1f5759673f12020b0a50',915,,457,7,0,5 22 23 24,0
45600,'2a5b3362091f52630354',705,,220,7,0,5 6 7,0
45600,'31744f7e5638320a2d4c',1330,,458,7,0,5 6 7,0
45600,'725616403949496a5c67',1330,,221,7,0,5 6 7,0
45600,'7f443a14596255477616',705,,459,7,0,5 6 7,0
45601,'02070559307629202a09',1251,,222,10,0,26 27,0
45601,'1f5759673f12020b0a50',1251,,460,10,0,26 27,0
45601,'2a5b3362091f52630354',1806,,223,13,0,26 27,0
45601,'31744f7e5638320a2d4c',1251,,461,13,0,26 27,0
45601,'725616403949496a5c67',1251,,224,13,0,26 27,0
45601,'7f443a14596255477616',1806,,462,13,0,26 27,0
