45600,'02070559307629202a09',903,,219,2,0,5 22 23 24,0
45600,'1f5759673f12020b0a50',903,,457,2,0,5 22 23 24,0
45600,'2a5b3362091f52630354',653,,220,2,0,5 6 7,0
45600,'31744f7e5638320a2d4c',1318,,458,2,0,5 6 7,0
45600,'725616403949496a5c67',1318,,221,2,0,5 6 7,0
45600,'7f443a14596255477616',653,,459,2,0,5 6 7,0
45601,'02070559307629202a09',1307,,222,15,0,26 27,0
45601,'1f5759673f12020b0a50',1307,,460,15,0,26 27,0
45601,'2a5b3362091f52630354',1822,,223,18,0,26 27,0
45601,'31744f7e5638320a2d4c',1307,,461,18,0,26 27,0
45601,'725616403949496a5c67',1307,,224,18,0,26 27,0
45601,'7f443a14596255477616',1822,,462,18,0,26 27,0
