45000,'02070559307629202a09',945,,6,9,0,54 55,0,290,,1,9,0,54 55,0,210,,2,9,0,44 14 45 46,0,255,,4,9,0,44 14 45 46,0,245,,5,9,0,44 14 45 46,0
45000,'0a2f1e22095132130163',1750,,9,6,0,44 14 45 46,0,55,,8,17,0,44 14 45 46,0,105,,10,16,0,44 14 45 46,0
45000,'1a20552b5a400f716a1b',945,,16,9,0,54 55,0,290,,11,9,0,54 55,0,210,,12,9,0,44 14 45 46,0,295,,14,9,0,44 14 45 46,0,361,,15,9,0,44 14 45 46,0
45000,'2a08755845643968295b',910,,20,9,0,54 55,0,325,,18,9,0,54 55,0,210,,19,9,0,44 14 45 46,0
45000,'2a5b3362091f52630354',805,,22,15,0,44 14 45 46,0,35,,24,9,0,44 56 57,0,460,,21,9,0,44 14 45 46,0,340,,23,9,0,44 14 45 46,0
45000,'4d7a6615443531084902',1140,,25,9,0,44 14 45 46,0,670,,26,9,0,44 14 45 46,0,130,,27,9,0,44 14 45 46,0,161,,28,9,0,44 14 45 46,0
45000,'725616403949496a5c67',1250,,30,6,0,44 14 45 46,0,55,,29,18,0,44 14 45 46,0,105,,31,9,0,44 14 45 46,0
45001,'02070559307629202a09',730,,37,5,0,47 14 15,0,375,,32,5,0,47 14 15,0,205,,33,5,0,47 14 15,0,225,,34,6,0,47 14 15,0,285,,36,6,0,47 14 15,0
45001,'0a2f1e22095132130163',1700,,39,4,0,47 20 58 2 59,0
45001,'1a20552b5a400f716a1b',820,,46,5,0,47 14 15,0,285,,41,5,0,47 14 15,0,205,,42,5,0,47 14 15,0,225,,43,6,0,47 14 15,0,400,,45,6,0,47 14 15,0
45001,'2a08755845643968295b',645,,50,5,0,47 14 15,0,460,,47,5,0,47 14 15,0,325,,48,6,0,47 14 15,0,220,,49,6,0,47 14 15,0
45001,'2a5b3362091f52630354',620,,53,5,0,47 14 15,0,21,,56,6,0,47 20 58 2 59,0,62,,51,10,0,47 60 61 62,0,432,,52,5,0,47 14 15,0,295,,54,5,0,47 14 15,0,310,,55,6,0,47 14 15,0
45001,'4d7a6615443531084902',755,,59,5,0,47 14 15,0,475,,57,5,0,47 14 15,0,695,,58,6,0,47 14 15,0
45001,'725616403949496a5c67',1210,,60,4,0,47 20 58 2 59,0
