45000,900540,1,0,0
45000,901081,2,0,0
45000,900538,3,0,0
45000,901537,4,0,0
45000,26606474,5,0,0
45000,956789,6,0,0
45000,903116,7,0,0
45000,903085,8,0,0
45000,900558,9,0,0
45000,903773,10,0,0
45000,903783,11,0,0
45000,903784,12,0,0
45000,901080,13,0,0
45000,903786,14,0,0
45000,901088,15,0,0
45000,902841,16,0,0
45000,901079,17,0,0
45000,901032,18,0,0
45000,900425,19,0,0
45000,901083,20,0,0
45000,900637,21,0,0
45000,901092,22,0,0
45000,901077,23,0,0
45000,905099,24,0,0
45000,903124,25,0,0
45000,901028,26,0,0
45000,901093,27,0,0
45000,901075,28,0,0
45000,901089,29,0,0
45000,900312,30,1,1
45000,904025,31,1,1
45000,1100568,32,0,0
45000,1100569,33,0,0
45000,1103019,34,0,0
45000,1103067,35,0,0
45000,1103066,36,0,0
45000,1104402,37,0,0
45000,1103211,38,0,0
45000,1104393,39,0,0
45000,1103155,40,1,1
45001,1103155,1,0,0
45001,1104402,2,0,0
45001,1103066,3,0,0
45001,1103067,4,0,0
45001,1103019,5,0,0
45001,1100569,6,0,0
45001,1100568,7,0,0
45001,904025,8,0,0
45001,904037,9,0,0
45001,904036,10,0,0
45001,904038,11,0,0
45001,901093,12,0,0
45001,904035,13,0,0
45001,903124,14,0,0
45001,905012,15,0,0
45001,903918,16,0,0
45001,904031,17,0,0
45001,901092,18,0,0
45001,900637,19,0,0
45001,904030,20,0,0
45001,900425,21,0,0
45001,904029,22,0,0
45001,901079,23,0,0
45001,901544,24,0,0
45001,901088,25,0,0
45001,901087,26,0,0
45001,904027,27,0,0
45001,903783,28,0,0
45001,903784,29,0,0
45001,903773,30,0,0
45001,904039,31,0,0
45001,903085,32,0,0
45001,904026,33,0,0
45001,900536,34,0,0
45001,904033,35,0,0
45001,900538,36,0,0
45001,900540,37,0,0
45001,956789,38,0,0
45001,26606474,39,0,0
45100,901089,1,0,0
45100,900312,2,0,0
45100,903171,3,0,0
45100,900785,4,0,0
45100,900488,5,0,0
45100,904016,6,0,0
45100,900162,7,0,0
45100,900629,8,0,0
45100,900625,9,0,0
45100,900628,10,0,0
45100,900626,11,0,0
45100,905003,12,0,0
45100,903991,13,0,0
45100,900470,14,0,0
45100,900471,15,0,0
45100,912345,16,0,0
45100,903887,17,0,0
45100,900231,18,0,0
45100,900226,19,0,0
45100,902637,20,1,1
45100,903882,21,1,1
45101,900226,1,0,0
45101,900233,2,0,0
45101,903882,3,0,0
45101,903887,4,0,0
45101,912345,5,0,0
45101,903993,6,0,0
45101,903992,7,0,0
45101,900469,8,0,0
45101,905004,9,0,0
45101,900626,10,0,0
45101,900628,11,0,0
45101,904018,12,0,0
45101,900629,13,0,0
45101,904017,14,0,0
45101,900164,15,0,0
45101,904016,16,0,0
45101,900488,17,0,0
45101,900785,18,0,0
45101,903171,19,0,0
45101,904037,20,0,0
45101,901089,21,1,1
45200,3102001,1,0,0
45200,3120000,2,0,0
45200,3102007,3,0,0
45200,3101561,4,0,0
45200,3101637,5,0,0
45200,3101421,6,0,0
45200,3101425,7,0,0
45200,3101401,8,0,0
45200,3101200,9,0,0
45200,3102324,10,0,0
45200,3115827,11,0,0
45200,3113374,12,0,0
45200,3115333,13,0,0
45200,3101874,14,0,0
45200,3102684,15,0,0
45200,3112866,16,0,0
45200,3117000,17,0,0
45200,903080,18,0,0
45200,903650,19,0,0
45200,903654,20,0,0
45200,905001,21,0,0
45200,901320,22,0,0
45200,905008,23,0,0
45200,903008,24,0,0
45200,900592,25,0,0
45200,905005,26,0,0
45200,900594,27,1,1
45200,900591,28,0,0
45200,901102,29,0,0
45200,900512,30,0,0
45200,901400,31,0,0
45200,900047,32,1,1
45201,904086,1,0,0
45201,904002,2,0,0
45201,904003,3,0,0
45201,904082,4,0,0
45201,904081,5,0,0
45201,900594,6,0,0
45201,905006,7,0,0
45201,904078,8,0,0
45201,904079,9,0,0
45201,905007,10,0,0
45201,904077,11,0,0
45201,905002,12,0,0
45201,904069,13,0,0
45201,904076,14,0,0
45201,904068,15,0,0
45201,3117001,16,0,0
45201,3115332,17,0,0
45201,3101175,18,0,0
45201,3101873,19,0,0
45201,3113355,20,0,0
45201,3115334,21,0,0
45201,3112909,22,0,0
45201,3102324,23,0,0
45201,3101199,24,0,0
45201,3101402,25,0,0
45201,3101424,26,0,0
45201,3101420,27,0,0
45201,3101637,28,0,0
45201,3101560,29,0,0
45201,3102006,30,0,0
45201,3120001,31,0,0
45201,3102001,32,1,1
45300,901036,1,0,0
45300,902659,2,0,0
45300,901037,3,0,0
45300,901039,4,0,0
45300,901040,5,0,0
45300,901041,6,0,0
45300,903127,7,0,0
45300,901518,8,0,0
45300,903991,9,0,0
45300,900470,10,0,0
45300,900471,11,0,0
45300,903821,12,0,0
45300,901619,13,0,0
45300,900239,14,0,0
45300,905015,15,0,0
45300,900601,16,0,0
45300,900603,17,0,0
45300,903051,18,0,0
45300,905010,19,0,0
45300,903052,20,0,0
45300,900762,21,0,0
45300,901045,22,0,0
45300,901046,23,0,0
45300,901051,24,0,0
45300,903117,25,0,0
45300,901055,26,0,0
45300,900537,27,0,0
45300,999999,28,1,1
45301,999999,1,0,0
45301,903999,2,0,0
45301,903998,3,0,0
45301,903997,4,0,0
45301,903996,5,0,0
45301,901046,6,0,0
45301,901045,7,0,0
45301,900762,8,0,0
45301,903052,9,0,0
45301,900600,10,0,0
45301,903051,11,0,0
45301,903995,12,0,0
45301,903994,13,0,0
45301,905015,14,0,0
45301,999998,15,0,0
45301,905009,16,0,0
45301,903821,17,0,0
45301,903993,18,0,0
45301,903992,19,0,0
45301,900469,20,0,0
45301,903990,21,0,0
45301,903989,22,0,0
45301,903988,23,0,0
45301,903987,24,0,0
45301,903986,25,0,0
45301,903980,26,0,0
45301,902659,27,0,0
45301,901036,28,1,1
45400,901619,1,0,0
45400,903882,2,0,0
45400,903887,3,0,0
45400,900231,4,0,0
45400,900226,5,0,0
45400,900233,6,0,0
45400,901137,7,0,0
45400,901136,8,0,0
45400,901135,9,0,0
45400,901134,10,0,0
45400,900079,11,0,0
45400,901131,12,0,0
45400,900150,13,0,0
45400,900565,14,0,0
45400,901158,15,0,0
45400,901160,16,0,0
45400,904197,17,0,0
45400,902585,18,0,0
45400,900594,19,0,0
45400,900591,20,0,0
45400,904078,21,0,0
45400,901103,22,0,0
45400,903008,23,1,1
45401,903008,1,0,0
45401,904015,2,0,0
45401,904078,3,0,0
45401,904081,4,0,0
45401,900594,5,0,0
45401,904014,6,0,0
45401,905006,7,0,0
45401,904197,8,0,0
45401,901160,9,0,0
45401,904013,10,0,0
45401,904012,11,0,0
45401,904011,12,0,0
45401,904010,13,0,0
45401,903985,14,0,0
45401,903984,15,0,0
45401,903983,16,0,0
45401,903982,17,0,0
45401,903981,18,0,0
45401,900231,19,0,0
45401,900226,20,0,0
45401,903887,21,0,0
45401,901619,22,1,1
45401,903882,23,1,1
45500,901115,1,0,0
45500,901116,2,0,0
45500,901117,3,0,0
45500,903166,4,0,0
45500,900109,5,0,0
45500,901118,6,0,0
45500,905016,7,0,0
45500,900070,8,0,0
45500,901121,9,0,0
45500,901123,10,0,0
45500,901124,11,0,0
45500,901125,12,0,0
45500,901103,13,0,0
45500,905005,14,0,0
45500,900594,15,0,0
45500,900591,16,1,1
45501,900591,1,0,0
45501,900594,2,0,0
45501,905006,3,0,0
45501,901103,4,0,0
45501,901125,5,0,0
45501,901124,6,0,0
45501,901123,7,0,0
45501,901121,8,0,0
45501,900070,9,0,0
45501,905017,10,0,0
45501,901118,11,0,0
45501,900109,12,0,0
45501,901117,13,0,0
45501,901116,14,0,0
45501,901115,15,1,1
45600,900606,1,0,0
45600,900040,2,0,0
45600,900501,3,0,0
45600,900499,4,0,0
45600,901126,5,0,0
45600,900039,6,0,0
45600,901127,7,0,0
45600,901128,8,0,0
45600,901118,9,0,0
45600,905016,10,0,0
45600,900070,11,0,0
45600,901121,12,0,0
45600,901123,13,0,0
45600,901124,14,0,0
45600,901125,15,0,0
45600,901103,16,0,0
45600,905005,17,0,0
45600,900594,18,0,0
45600,900591,19,1,1
45601,900591,1,0,0
45601,900594,2,0,0
45601,905006,3,0,0
45601,901103,4,0,0
45601,901125,5,0,0
45601,901124,6,0,0
45601,901123,7,0,0
45601,901121,8,0,0
45601,900070,9,0,0
45601,905017,10,0,0
45601,901118,11,0,0
45601,901128,12,0,0
45601,901127,13,0,0
45601,900039,14,0,0
45601,901126,15,0,0
45601,900499,16,0,0
45601,900501,17,0,0
45601,900040,18,0,0
45601,900606,19,1,1
45700,900047,1,0,0
45700,900048,2,0,0
45700,900205,3,0,0
45700,902160,4,0,0
45700,903967,5,0,0
45700,903006,6,0,0
45700,903968,7,0,0
45700,901400,8,0,0
45700,26606010,9,0,0
45700,903970,10,0,0
45700,900512,11,0,0
45700,901102,12,0,0
45700,903007,13,0,0
45700,900718,14,0,0
45700,900716,15,0,0
45700,902737,16,0,0
45700,903643,17,0,0
45700,903010,18,0,0
45700,900101,19,0,0
45700,900002,20,0,0
45700,900727,21,0,0
45700,902738,22,0,0
45700,903126,23,0,0
45700,900221,24,0,0
45700,900594,25,0,0
45700,905005,26,0,0
45700,900592,27,0,0
45700,903008,28,1,1
45701,903008,1,0,0
45701,900592,2,0,0
45701,905006,3,0,0
45701,900594,4,0,0
45701,904081,5,0,0
45701,900221,6,0,0
45701,903126,7,0,0
45701,902738,8,0,0
45701,900716,9,0,0
45701,904004,10,0,0
45701,903007,11,0,0
45701,901102,12,0,0
45701,904003,13,0,0
45701,903970,14,0,0
45701,26606010,15,0,0
45701,904002,16,0,0
45701,903968,17,0,0
45701,903006,18,0,0
45701,903967,19,0,0
45701,902160,20,0,0
45701,900205,21,0,0
45701,900048,22,0,0
45701,900047,23,1,1
45701,900727,24,0,0
45701,900002,25,0,0
45701,900101,26,0,0
45701,903010,27,0,0
45701,903643,28,0,0
45701,902737,29,1,1
