45400,'02070559307629202a09',913,,167,12,0,19 20 21,0,436,,165,12,0,19 20 21,0,483,,166,12,0,19 20 21,0
45400,'075f4276790e1e273655',914,,391,12,0,19 20 21,0,436,,389,12,0,19 20 21,0,483,,390,12,0,19 20 21,0
45400,'0a2f1e22095132130163',1304,,168,12,0,5 22 23 24,0,509,,169,14,0,5 22 23 24,0
45400,'0e5131610429337c0530',725,,392,2,0,5 22 23 24,0,5,,394,2,0,5 22 23 24,0
45400,'184134507f4517151633',1304,,395,12,0,5 22 23 24,0,501,,396,12,0,5 22 23 24,0
45400,'1c2e3625233d01453772',1659,,397,12,0,5 22 23 24,0
45400,'2a08755845643968295b',729,,173,12,0,5 22 23 24,0,120,,174,12,0,19 20 21,0,385,,170,12,0,5 22 23 24,0,115,,171,12,0,19 20 21,0,455,,172,12,0,19 20 21,0
45400,'2a5b3362091f52630354',729,,176,12,0,5 22 23 24,0,120,,177,12,0,5 22 23 24,0,575,,175,12,0,5 22 23 24,0
45400,'31744f7e5638320a2d4c',1320,,398,15,0,5 22 23 24,0,485,,399,12,0,5 22 23 24,0
45400,'320823102b697f311363',914,,402,12,0,5 22 23 24,0,436,,400,12,0,5 22 23 24,0,483,,401,12,0,5 22 23 24,0
45400,'416039027b4e59137846',1946,,404,11,0,5 22 23 24,0
45400,'494a652c1e455e3d7c72',850,,406,12,0,5 22 23 24,0,575,,405,12,0,5 22 23 24,0
45400,'4d7a6615443531084902',1659,,178,12,0,5 22 23 24,0
45400,'553d275f1455102c362a',1304,,407,12,0,5 22 23 24,0,509,,408,14,0,5 22 23 24,0
45400,'59737b0d0f044b52693e',730,,409,12,0,5 22 23 24,0
45400,'693b6416011017175f3d',1945,,180,11,0,5 22 23 24,0
45400,'725616403949496a5c67',1320,,181,15,0,5 22 23 24,0,484,,182,12,0,5 22 23 24,0
45400,'7c40501f37807a467b28',850,,413,12,0,19 20 21,0,384,,410,12,0,5 22 23 24,0,116,,411,12,0,19 20 21,0,455,,412,12,0,19 20 21,0
45400,'7f443a14596255477616',730,,414,12,0,5 22 23 24,0
45401,'02070559307629202a09',729,,184,5,0,28 22 14 15,0,424,,185,5,0,28 22 14 15,0,498,,183,5,0,28 22 14 15,0
45401,'075f4276790e1e273655',729,,416,5,0,28 22 14 15,0,424,,417,5,0,28 22 14 15,0,498,,415,5,0,28 22 14 15,0
45401,'0a2f1e22095132130163',1226,,186,4,0,28 22 14 15,0
45401,'0e5131610429337c0530',609,,418,4,0,28 29 30 31 20 32,0
45401,'184134507f4517151633',644,,420,4,0,28 22 14 15,0,582,,419,4,0,28 22 14 15,0
45401,'1c2e3625233d01453772',809,,421,4,0,28 22 14 15,0
45401,'2a08755845643968295b',644,,190,5,0,28 22 14 15,0,509,,191,5,0,28 22 14 15,0,186,,187,4,0,28 22 14 15,0,214,,188,5,0,28 22 14 15,0,188,,189,4,0,28 29 30 31 20 32,0
45401,'2a5b3362091f52630354',644,,195,4,0,28 22 14 15,0,715,,192,4,0,28 22 14 15,0,194,,193,4,0,28 22 14 15,0,198,,194,6,0,28 29 30 31 20 32,0
45401,'31744f7e5638320a2d4c',1236,,422,6,0,28 22 14 15,0
45401,'320823102b697f311363',729,,425,4,0,28 22 14 15,0,424,,423,4,0,28 22 14 15,0,498,,424,4,0,28 22 14 15,0
45401,'416039027b4e59137846',1751,,426,6,0,28 29 30 31 20 32,0,5,,427,6,0,28 29 30 31 20 32,0
45401,'494a652c1e455e3d7c72',1359,,428,4,0,28 22 14 15,0,194,,429,4,0,28 22 14 15,0
45401,'4d7a6615443531084902',809,,196,4,0,28 22 14 15,0
45401,'553d275f1455102c362a',1226,,430,4,0,28 22 14 15,0
45401,'59737b0d0f044b52693e',1741,,431,4,0,28 29 30 31 20 32,0
45401,'693b6416011017175f3d',1751,,197,6,0,28 29 30 31 20 32,0,5,,198,6,0,28 29 30 31 20 32,0
45401,'725616403949496a5c67',1236,,199,6,0,28 22 14 15,0
45401,'7c40501f37807a467b28',644,,434,5,0,28 22 14 15,0,509,,435,5,0,28 22 14 15,0,186,,432,4,0,28 22 14 15,0,214,,433,5,0,28 22 14 15,0
45401,'7f443a14596255477616',644,,437,4,0,28 22 14 15,0,1107,,436,6,0,28 29 30 31 20 32,0
