45200,'172f65311663730f1c1d',1352,,108,18,0,63 64,0
45200,'1c1c0f437079497b5e2b',809,,376,18,4,,0
45200,'311419515b6b024e4515',947,,114,18,0,63 64,0
45200,'44521d0a5f7630785e17',817,,122,18,0,63 64,0,35,,123,18,4,,0
45400,'0e5131610429337c0530',742,,392,5,0,5 22 23 24,0,4,,393,15,0,5 22 23 24,0,1,,394,5,0,5 22 23 24,0
45400,'2a5b3362091f52630354',746,,176,15,0,5 22 23 24,0
45400,'7f443a14596255477616',746,,414,15,0,5 22 23 24,0
45500,'2a5b3362091f52630354',747,,203,9,4,,0
45500,'7f443a14596255477616',747,,445,9,4,,0
45501,'0a2f1e22095132130163',1725,,211,1,0,11 12,0
45501,'2a5b3362091f52630354',800,,214,1,0,33 20,0
45501,'31744f7e5638320a2d4c',1210,,451,1,0,11 12,0
45501,'553d275f1455102c362a',1725,,453,1,0,11 12,0
45501,'725616403949496a5c67',1210,,217,1,0,11 12,0
45501,'7f443a14596255477616',800,,456,1,0,33 20,0
45600,'2a5b3362091f52630354',747,,220,19,4,,0
45600,'31744f7e5638320a2d4c',1412,,458,19,4,,0
45600,'725616403949496a5c67',1412,,221,19,4,,0
45600,'7f443a14596255477616',747,,459,19,4,,0
45601,'2a5b3362091f52630354',1725,,223,1,0,26 27,0
45601,'31744f7e5638320a2d4c',1210,,461,1,0,26 27,0
45601,'725616403949496a5c67',1210,,224,1,0,26 27,0
45601,'7f443a14596255477616',1725,,462,1,0,26 27,0
