45101,'0a2f1e22095132130163',1605,,87,1,0,44 14 45 46,0,120,,88,2,0,44 14 45 46,0,2,,89,2,0,44 14 45 46,0,73,,90,1,0,44 14 45 46,0
45101,'184134507f4517151633',1635,,348,1,0,44 14 45 46,0,165,,349,1,0,44 14 45 46,0
45101,'31744f7e5638320a2d4c',1218,,357,2,0,44 14 45 46,0,19,,353,2,0,44 14 45 46,0
45101,'553d275f1455102c362a',1605,,363,1,0,44 14 45 46,0,120,,364,2,0,44 14 45 46,0,2,,365,2,0,44 14 45 46,0,73,,366,1,0,44 14 45 46,0
45101,'720e2d0f476223047d12',1635,,368,1,0,44 14 45 46,0,165,,369,1,0,44 14 45 46,0
45101,'725616403949496a5c67',1230,,106,2,0,44 14 45 46,0,7,,102,2,0,44 14 45 46,0
45400,'0a2f1e22095132130163',1720,,169,4,0,5 22 23 24,0
45400,'31744f7e5638320a2d4c',1230,,398,5,0,5 22 23 24,0
45400,'416039027b4e59137846',1720,,403,4,0,25 20,0
45400,'553d275f1455102c362a',1720,,408,4,0,5 22 23 24,0
45400,'693b6416011017175f3d',1720,,179,4,0,25 20,0
45400,'725616403949496a5c67',1230,,181,5,0,5 22 23 24,0
