45100,'0e5131610429337c0530',633,,318,13,4,,0
45101,'06693a797f7b73176b39',1820,,343,1,0,44 14 45 46,0
45101,'1c42311e025d3b40504f',1820,,91,1,0,44 14 45 46,0
45101,'416039027b4e59137846',1850,,360,1,0,44 14 45 46,0
45101,'693b6416011017175f3d',1850,,101,1,0,44 14 45 46,0
45400,'0e5131610429337c0530',640,,392,1,0,5 22 23 24,0,10,,394,1,0,5 22 23 24,0
45400,'416039027b4e59137846',1855,,404,1,0,5 22 23 24,0
45400,'693b6416011017175f3d',1855,,180,1,0,5 22 23 24,0
45401,'0e5131610429337c0530',657,,418,14,4,,0
45401,'2a08755845643968295b',1828,,189,14,4,,0
45401,'2a5b3362091f52630354',1838,,194,16,4,,0
45401,'416039027b4e59137846',1828,,426,7,4,,0,15,,427,16,4,,0
45401,'59737b0d0f044b52693e',1828,,431,14,4,,0
45401,'693b6416011017175f3d',1828,,197,7,4,,0,15,,198,16,4,,0
45401,'7f443a14596255477616',1838,,436,16,4,,0
