45001,'02070559307629202a09',715,,37,2,0,47 14 15,0,335,,32,2,0,47 14 15,0,205,,33,2,0,47 14 15,0,265,,34,3,0,47 14 15,0,285,,36,3,0,47 14 15,0
45001,'075f4276790e1e273655',1050,,280,2,0,47 14 15,0,470,,281,3,0,47 14 15,0,285,,283,3,0,47 14 15,0
45001,'0a2f1e22095132130163',1650,,39,2,0,47 20 58 2 59,0
45001,'0c4d4a5702287833722f',1013,,287,2,0,47 14 15,0,507,,285,2,0,47 14 15,0,400,,286,2,0,47 14 15,0
45001,'1a20552b5a400f716a1b',805,,46,2,0,47 14 15,0,245,,41,2,0,47 14 15,0,205,,42,2,0,47 14 15,0,265,,43,3,0,47 14 15,0,400,,45,3,0,47 14 15,0
45001,'1c2e3625233d01453772',740,,290,2,0,47 14 15,0,475,,288,2,0,47 14 15,0,695,,289,3,0,47 14 15,0
45001,'1f5759673f12020b0a50',715,,292,2,0,47 14 15,0,540,,291,2,0,47 14 15,0
45001,'20705f6f6c1d470f2a10',1050,,294,2,0,47 14 15,0,470,,295,3,0,47 14 15,0,400,,297,3,0,47 14 15,0
45001,'2a08755845643968295b',630,,50,2,0,47 14 15,0,420,,47,2,0,47 14 15,0,365,,48,3,0,47 14 15,0,220,,49,3,0,47 14 15,0
45001,'2a5b3362091f52630354',605,,53,2,0,47 14 15,0,20,,56,2,0,47 20 58 2 59,0,15,,51,2,0,47 60 61 62,0,480,,52,2,0,47 14 15,0,295,,54,2,0,47 14 15,0,310,,55,3,0,47 14 15,0
45001,'31744f7e5638320a2d4c',1200,,298,2,0,47 14 15,0
45001,'320823102b697f311363',1013,,301,2,0,47 14 15,0,507,,299,2,0,47 14 15,0,285,,300,2,0,47 14 15,0
45001,'3823594e52252d7f6b14',805,,303,2,0,47 14 15,0,450,,302,2,0,47 14 15,0
45001,'494a652c1e455e3d7c72',1120,,304,2,0,47 14 15,0,295,,305,2,0,47 14 15,0,310,,306,3,0,47 14 15,0
45001,'4d7a6615443531084902',740,,59,2,0,47 14 15,0,475,,57,2,0,47 14 15,0,695,,58,3,0,47 14 15,0
45001,'553d275f1455102c362a',1650,,307,2,0,47 14 15,0
45001,'59737b0d0f044b52693e',630,,308,2,0,47 14 15,0
45001,'725616403949496a5c67',1200,,60,2,0,47 20 58 2 59,0
45001,'7c40501f37807a467b28',1050,,309,2,0,47 14 15,0,365,,310,3,0,47 14 15,0,220,,311,3,0,47 14 15,0
45001,'7f443a14596255477616',605,,313,2,0,47 14 15,0,20,,314,2,0,47 73 74,0,15,,312,2,0,47 60 61 62,0
