45000,'02070559307629202a09',922,,6,5,0,54 55,0,290,,1,5,0,54 55,0,210,,2,5,0,44 14 45 46,0,215,,4,5,0,44 14 45 46,0,285,,5,5,0,44 14 45 46,0
45000,'075f4276790e1e273655',922,,247,7,0,54 55,0,290,,245,7,0,54 55,0
45000,'0a2f1e22095132130163',1743,,8,10,0,44 14 45 46,0,100,,10,9,0,44 14 45 46,0
45000,'0c4d4a5702287833722f',922,,250,7,0,44 14 45 46,0,290,,249,7,0,44 14 45 46,0
45000,'1a20552b5a400f716a1b',922,,16,5,0,54 55,0,290,,11,5,0,54 55,0,210,,12,5,0,44 14 45 46,0,295,,14,5,0,44 14 45 46,0,325,,15,5,0,44 14 45 46,0
45000,'1c2e3625233d01453772',1117,,251,7,0,44 14 45 46,0,630,,252,7,0,44 14 45 46,0,170,,253,7,0,44 14 45 46,0,125,,254,7,0,44 14 45 46,0
45000,'1f5759673f12020b0a50',1422,,255,7,0,44 14 45 46,0,215,,256,7,0,44 14 45 46,0,285,,257,7,0,44 14 45 46,0
45000,'20705f6f6c1d470f2a10',922,,260,7,0,54 55,0,290,,258,7,0,54 55,0
45000,'2a08755845643968295b',847,,20,5,0,54 55,0,365,,18,5,0,54 55,0,210,,19,5,0,44 14 45 46,0
45000,'2a5b3362091f52630354',738,,22,8,0,44 14 45 46,0,79,,24,5,0,44 56 57,0,420,,21,5,0,44 14 45 46,0,380,,23,5,0,44 14 45 46,0
45000,'31744f7e5638320a2d4c',1240,,262,12,0,44 14 45 46,0,107,,264,7,0,44 14 45 46,0
45000,'320823102b697f311363',922,,266,7,0,44 14 45 46,0,290,,265,7,0,44 14 45 46,0
45000,'3823594e52252d7f6b14',1422,,267,7,0,44 14 45 46,0,295,,268,7,0,44 14 45 46,0,325,,269,5,0,44 14 45 46,0
45000,'494a652c1e455e3d7c72',817,,272,7,0,44 56 57,0,420,,270,7,0,44 14 45 46,0,380,,271,7,0,44 14 45 46,0
45000,'4d7a6615443531084902',1117,,25,5,0,44 14 45 46,0,630,,26,5,0,44 14 45 46,0,170,,27,5,0,44 14 45 46,0,125,,28,5,0,44 14 45 46,0
45000,'553d275f1455102c362a',1740,,273,11,0,44 14 45 46,0,103,,275,10,0,44 14 45 46,0
45000,'725616403949496a5c67',1243,,29,11,0,44 14 45 46,0,104,,31,5,0,44 14 45 46,0
45000,'7c40501f37807a467b28',847,,278,7,0,54 55,0,365,,276,7,0,54 55,0,210,,277,7,0,44 14 45 46,0
45000,'7f443a14596255477616',738,,279,10,0,44 14 45 46,0
