'02070559307629202a09',20260704,0,20260711,0,20260718,0,20260725,0,20260801,0,20260808,0,20260815,0,20260815,2,20260822,0,20260829,0
'0646380e515e0e55705d',20260703,0
'09723e564c7f765c2a4d',20260701,0,20260702,0,20260703,0
'0a2f1e22095132130163',20260702,0,20260703,0
'172f65311663730f1c1d',20260701,0,20260702,0,20260703,0,20260704,0,20260705,0,20260706,0,20260707,0,20260708,0,20260709,0,20260710,0,20260711,0,20260712,0,20260713,0,20260714,0,20260715,0,20260716,0,20260717,0,20260718,0,20260719,0,20260720,0,20260721,0,20260722,0,20260723,0,20260724,0,20260725,0,20260726,0,20260727,0,20260728,0,20260729,0,20260730,0,20260731,0,20260801,0,20260802,0,20260803,0,20260804,0,20260805,0,20260806,0,20260807,0,20260808,0,20260809,0,20260810,0,20260811,0,20260812,0,20260813,0,20260814,0,20260815,0,20260816,0,20260817,0,20260818,0,20260819,0,20260820,0,20260821,0,20260822,0,20260823,0,20260824,0,20260825,0,20260826,0,20260827,0,20260828,0,20260829,0,20260830,0,20260831,0
'1a20552b5a400f716a1b',20260705,0,20260712,0,20260714,1,20260719,0,20260726,0,20260802,0,20260809,0,20260815,1,20260816,0,20260823,0,20260830,0
'1c42311e025d3b40504f',20260701,0,20260702,0
'200a2d69427732221f48',20260708,0,20260715,0,20260722,0,20260729,0,20260805,0,20260812,0,20260819,0,20260826,0
'204c681517280a424324',20260705,0,20260712,0,20260714,1,20260719,0,20260726,0,20260802,0,20260809,0,20260815,1,20260816,0,20260823,0,20260830,0
'2406546d7104722a434c',20260701,0
'296b622873433b653522',20260702,0
'2a08755845643968295b',20260706,0,20260707,0,20260708,0,20260709,0,20260710,0,20260713,0,20260714,0,20260714,2,20260715,0,20260716,0,20260717,0,20260720,0,20260721,0,20260722,0,20260723,0,20260724,0,20260727,0,20260728,0,20260729,0,20260730,0,20260731,0,20260803,0,20260804,0,20260805,0,20260806,0,20260807,0,20260810,0,20260811,0,20260812,0,20260813,0,20260814,0,20260817,0,20260818,0,20260819,0,20260820,0,20260821,0,20260824,0,20260825,0,20260826,0,20260827,0,20260828,0,20260831,0
'2a5b3362091f52630354',20260701,0,20260702,0,20260703,0
'2e1c0e785a2119762825',20260702,0,20260703,0,20260706,0,20260707,0,20260709,0,20260710,0,20260713,0,20260714,0,20260714,2,20260716,0,20260717,0,20260720,0,20260721,0,20260723,0,20260724,0,20260727,0,20260728,0,20260730,0,20260731,0,20260803,0,20260804,0,20260806,0,20260807,0,20260810,0,20260811,0,20260813,0,20260814,0,20260817,0,20260818,0,20260820,0,20260821,0,20260824,0,20260825,0,20260827,0,20260828,0,20260831,0
'311419515b6b024e4515',20260704,0,20260705,0,20260711,0,20260712,0,20260714,1,20260718,0,20260719,0,20260725,0,20260726,0,20260801,0,20260802,0,20260808,0,20260809,0,20260815,0,20260816,0,20260822,0,20260823,0,20260829,0,20260830,0
'335e221048313e0b4c6e',20260702,0
'44521d0a5f7630785e17',20260701,0,20260702,0,20260703,0,20260706,0,20260707,0,20260708,0,20260709,0,20260710,0,20260713,0,20260714,0,20260714,2,20260715,0,20260716,0,20260717,0,20260720,0,20260721,0,20260722,0,20260723,0,20260724,0,20260727,0,20260728,0,20260729,0,20260730,0,20260731,0,20260803,0,20260804,0,20260805,0,20260806,0,20260807,0,20260810,0,20260811,0,20260812,0,20260813,0,20260814,0,20260817,0,20260818,0,20260819,0,20260820,0,20260821,0,20260824,0,20260825,0,20260826,0,20260827,0,20260828,0,20260831,0
'4d7a6615443531084902',20260701,0,20260702,0,20260703,0,20260706,0,20260707,0,20260708,0,20260709,0,20260710,0,20260713,0,20260714,0,20260714,2,20260715,0,20260716,0,20260717,0,20260720,0,20260721,0,20260722,0,20260723,0,20260724,0,20260727,0,20260728,0,20260729,0,20260730,0,20260731,0,20260803,0,20260804,0,20260805,0,20260806,0,20260807,0,20260810,0,20260811,0,20260812,0,20260813,0,20260814,0,20260817,0,20260818,0,20260819,0,20260820,0,20260821,0,20260824,0,20260825,0,20260826,0,20260827,0,20260828,0,20260831,0
'693b6416011017175f3d',20260703,0
'725616403949496a5c67',20260701,0
'7f053522120e29061946',20260704,0,20260711,0,20260718,0,20260725,0,20260801,0,20260808,0,20260815,0,20260815,2,20260822,0,20260829,0
