45401,'02070559307629202a09',738,,184,6,0,28 22 14 15,0,420,,185,6,0,28 22 14 15,0,500,,183,6,0,28 22 14 15,0
45401,'075f4276790e1e273655',738,,416,6,0,28 22 14 15,0,420,,417,6,0,28 22 14 15,0,500,,415,6,0,28 22 14 15,0
45401,'0a2f1e22095132130163',1233,,186,5,0,28 22 14 15,0
45401,'0e5131610429337c0530',616,,418,5,0,28 29 30 31 20 32,0
45401,'184134507f4517151633',654,,420,5,0,28 22 14 15,0,579,,419,5,0,28 22 14 15,0
45401,'1c2e3625233d01453772',818,,421,5,0,28 22 14 15,0
45401,'2a08755845643968295b',654,,190,6,0,28 22 14 15,0,504,,191,6,0,28 22 14 15,0,190,,187,5,0,28 22 14 15,0,210,,188,6,0,28 22 14 15,0,190,,189,5,0,28 29 30 31 20 32,0
45401,'2a5b3362091f52630354',654,,195,5,0,28 22 14 15,0,754,,192,5,0,28 22 14 15,0,150,,193,5,0,28 22 14 15,0,200,,194,7,0,28 29 30 31 20 32,0
45401,'31744f7e5638320a2d4c',1241,,422,7,0,28 22 14 15,0
45401,'320823102b697f311363',738,,425,5,0,28 22 14 15,0,420,,423,5,0,28 22 14 15,0,500,,424,5,0,28 22 14 15,0
45401,'416039027b4e59137846',1803,,427,7,0,28 29 30 31 20 32,0
45401,'494a652c1e455e3d7c72',1408,,428,5,0,28 22 14 15,0,150,,429,5,0,28 22 14 15,0
45401,'4d7a6615443531084902',818,,196,5,0,28 22 14 15,0
45401,'553d275f1455102c362a',1233,,430,5,0,28 22 14 15,0
45401,'59737b0d0f044b52693e',1748,,431,5,0,28 29 30 31 20 32,0
45401,'693b6416011017175f3d',1803,,198,7,0,28 29 30 31 20 32,0
45401,'725616403949496a5c67',1241,,199,7,0,28 22 14 15,0
45401,'7c40501f37807a467b28',654,,434,6,0,28 22 14 15,0,504,,435,6,0,28 22 14 15,0,190,,432,5,0,28 22 14 15,0,210,,433,6,0,28 22 14 15,0
45401,'7f443a14596255477616',654,,437,5,0,28 22 14 15,0,1104,,436,7,0,28 29 30 31 20 32,0
