45600,'02070559307629202a09',907,,219,4,0,5 22 23 24,0
45600,'1f5759673f12020b0a50',907,,457,4,0,5 22 23 24,0
45600,'2a5b3362091f52630354',657,,220,4,0,5 6 7,0
45600,'31744f7e5638320a2d4c',1322,,458,4,0,5 6 7,0
45600,'725616403949496a5c67',1322,,221,4,0,5 6 7,0
45600,'7f443a14596255477616',657,,459,4,0,5 6 7,0
45601,'02070559307629202a09',1300,,222,13,0,26 27,0
45601,'1f5759673f12020b0a50',1300,,460,13,0,26 27,0
45601,'2a5b3362091f52630354',1815,,223,16,0,26 27,0
45601,'31744f7e5638320a2d4c',1300,,461,16,0,26 27,0
45601,'725616403949496a5c67',1300,,224,16,0,26 27,0
45601,'7f443a14596255477616',1815,,462,16,0,26 27,0
