45100,'02070559307629202a09',739,,64,8,0,28 12 38,0,390,,61,8,0,28 12 38,0,300,,62,8,0,28 12 38,0,280,,63,8,0,28 12 38,0
45100,'0a2f1e22095132130163',1754,,65,9,0,28 12 38,0
45100,'0d4e3278231744213640',1237,,315,9,0,28 12 38,0,400,,316,9,0,28 12 38,0,295,,317,8,0,28 12 38,0
45100,'0e5131610429337c0530',616,,318,9,0,28 29 30 31 20 32,0
45100,'184134507f4517151633',852,,319,8,0,28 12 38,0
45100,'1c2e3625233d01453772',1433,,320,8,0,28 12 38,0
45100,'2a08755845643968295b',739,,68,8,0,28 12 38,0,390,,66,8,0,28 12 38,0,580,,67,8,0,28 12 38,0
45100,'2a5b3362091f52630354',714,,75,8,0,39 6 40 41,0,10,,76,8,0,39 6 40 41,0,2,,77,8,0,39 6 40 41,0,83,,78,9,0,28 42 43,0,40,,79,9,0,28 42 43,0,180,,69,8,0,28 12 38,0,205,,70,9,0,28 12 38,0,305,,71,8,0,28 12 38,0,95,,72,9,0,28 12 38,0,100,,73,9,0,28 12 38,0,100,,74,9,0,28 12 38,0
45100,'31744f7e5638320a2d4c',1337,,321,8,0,28 12 38,0
45100,'320823102b697f311363',842,,322,8,0,28 12 38,0
45100,'34470046707605410b09',742,,326,8,0,28 12 38,0,391,,323,8,0,28 12 38,0,300,,324,8,0,28 12 38,0,279,,325,8,0,28 12 38,0
45100,'494a652c1e455e3d7c72',1542,,327,8,0,28 12 38,0
45100,'4d7a6615443531084902',1429,,80,8,0,28 12 38,0
45100,'553d275f1455102c362a',1758,,328,9,0,28 12 38,0
45100,'59737b0d0f044b52693e',742,,331,8,0,28 12 38,0,391,,329,8,0,28 12 38,0,579,,330,8,0,28 12 38,0
45100,'720e2d0f476223047d12',1542,,332,8,0,28 12 38,0
45100,'725616403949496a5c67',1334,,81,8,0,28 12 38,0
45100,'7f443a14596255477616',716,,338,8,0,39 6 40 41,0,10,,340,8,0,39 6 40 41,0,86,,341,9,0,28 42 43,0,40,,342,9,0,28 42 43,0,180,,333,8,0,28 12 38,0,205,,334,9,0,28 12 38,0,400,,335,9,0,28 12 38,0,101,,336,9,0,28 12 38,0,99,,337,9,0,28 12 38,0
