45701,'02070559307629202a09',1016,,233,9,0,63 64,0,320,,234,9,0,63 64,0,420,,235,9,0,63 64,0
45701,'06693a797f7b73176b39',1756,,471,9,0,63 64,0
45701,'075f4276790e1e273655',1016,,472,9,0,63 64,0,320,,473,9,0,63 64,0,420,,474,9,0,63 64,0
45701,'1c2e3625233d01453772',1016,,475,9,0,63 64,0,320,,476,9,0,63 64,0
45701,'1c42311e025d3b40504f',1756,,236,9,0,63 64,0
45701,'2a08755845643968295b',1756,,238,9,0,63 64,0
45701,'416039027b4e59137846',1756,,480,10,0,63 64,0
45701,'4d7a6615443531084902',1016,,239,9,0,63 64,0,320,,240,9,0,63 64,0
45701,'59737b0d0f044b52693e',1756,,482,9,0,63 64,0
45701,'693b6416011017175f3d',1756,,242,10,0,63 64,0
