45000,'02070559307629202a09',941,,6,8,0,54 55,0,290,,1,8,0,54 55,0,210,,2,8,0,44 14 45 46,0,215,,4,8,0,44 14 45 46,0,284,,5,8,0,44 14 45 46,0
45000,'075f4276790e1e273655',941,,247,10,0,54 55,0,290,,245,10,0,54 55,0
45000,'0a2f1e22095132130163',1745,,9,5,0,44 14 45 46,0,55,,8,16,0,44 14 45 46,0,105,,10,15,0,44 14 45 46,0
45000,'0c4d4a5702287833722f',941,,250,10,0,44 14 45 46,0,290,,249,10,0,44 14 45 46,0
45000,'1a20552b5a400f716a1b',941,,16,8,0,54 55,0,290,,11,8,0,54 55,0,210,,12,8,0,44 14 45 46,0,295,,14,8,0,44 14 45 46,0,321,,15,8,0,44 14 45 46,0
45000,'1c2e3625233d01453772',1136,,251,10,0,44 14 45 46,0,670,,252,10,0,44 14 45 46,0,130,,253,10,0,44 14 45 46,0,121,,254,10,0,44 14 45 46,0
45000,'1f5759673f12020b0a50',1441,,255,10,0,44 14 45 46,0,215,,256,10,0,44 14 45 46,0,284,,257,10,0,44 14 45 46,0
45000,'20705f6f6c1d470f2a10',941,,260,10,0,54 55,0,290,,258,10,0,54 55,0
45000,'2a08755845643968295b',906,,20,8,0,54 55,0,325,,18,8,0,54 55,0,210,,19,8,0,44 14 45 46,0
45000,'2a5b3362091f52630354',801,,22,14,0,44 14 45 46,0,35,,24,8,0,44 56 57,0,420,,21,8,0,44 14 45 46,0,380,,23,8,0,44 14 45 46,0
45000,'31744f7e5638320a2d4c',1245,,263,6,0,44 14 45 46,0,55,,262,18,0,44 14 45 46,0,106,,264,10,0,44 14 45 46,0
45000,'320823102b697f311363',941,,266,10,0,44 14 45 46,0,290,,265,10,0,44 14 45 46,0
45000,'3823594e52252d7f6b14',1441,,267,10,0,44 14 45 46,0,295,,268,10,0,44 14 45 46,0,321,,269,8,0,44 14 45 46,0
45000,'494a652c1e455e3d7c72',836,,272,10,0,44 56 57,0,420,,270,10,0,44 14 45 46,0,380,,271,10,0,44 14 45 46,0
45000,'4d7a6615443531084902',1136,,25,8,0,44 14 45 46,0,670,,26,8,0,44 14 45 46,0,130,,27,8,0,44 14 45 46,0,121,,28,8,0,44 14 45 46,0
45000,'553d275f1455102c362a',1745,,274,6,0,44 14 45 46,0,55,,273,17,0,44 14 45 46,0,105,,275,16,0,44 14 45 46,0
45000,'725616403949496a5c67',1245,,30,5,0,44 14 45 46,0,55,,29,17,0,44 14 45 46,0,106,,31,8,0,44 14 45 46,0
45000,'7c40501f37807a467b28',906,,278,10,0,54 55,0,325,,276,10,0,54 55,0,210,,277,10,0,44 14 45 46,0
45000,'7f443a14596255477616',801,,279,16,0,44 14 45 46,0
