45700,'02070559307629202a09',839,,225,15,0,19 20 21,0,370,,226,15,0,19 20 21,0,300,,227,15,0,19 20 21,0
45700,'075f4276790e1e273655',839,,463,15,0,19 20 21,0,370,,464,15,0,19 20 21,0,300,,465,15,0,19 20 21,0
45700,'1c2e3625233d01453772',839,,466,15,0,19 20 21,0,370,,467,15,0,19 20 21,0,300,,468,15,0,19 20 21,0
45700,'2a5b3362091f52630354',725,,229,1,0,5 22 23 24,0
45700,'4d7a6615443531084902',839,,230,15,0,19 20 21,0,370,,231,15,0,19 20 21,0,300,,232,15,0,19 20 21,0
45700,'7f443a14596255477616',725,,470,1,0,5 22 23 24,0
45701,'02070559307629202a09',1009,,233,7,0,63 64,0,320,,234,7,0,63 64,0,423,,235,7,0,63 64,0
45701,'06693a797f7b73176b39',1752,,471,7,0,63 64,0
45701,'075f4276790e1e273655',1009,,472,7,0,63 64,0,320,,473,7,0,63 64,0,423,,474,7,0,63 64,0
45701,'1c2e3625233d01453772',1009,,475,7,0,63 64,0,320,,476,7,0,63 64,0
45701,'1c42311e025d3b40504f',1752,,236,7,0,63 64,0
45701,'296b622873433b653522',1752,,237,7,0,36 27 31 37,0
45701,'2a08755845643968295b',1752,,238,7,0,63 64,0
45701,'31744f7e5638320a2d4c',1237,,477,7,0,36 27 31 37,0,4,,478,6,4,,0
45701,'416039027b4e59137846',1752,,479,8,0,36 27 31 37,0
45701,'44487e3c3e7f21570e19',1752,,481,7,0,36 27 31 37,0
45701,'4d7a6615443531084902',1009,,239,7,0,63 64,0,320,,240,7,0,63 64,0
45701,'59737b0d0f044b52693e',1752,,482,7,0,63 64,0
45701,'693b6416011017175f3d',1752,,241,8,0,36 27 31 37,0
45701,'725616403949496a5c67',1237,,243,7,0,36 27 31 37,0,4,,244,6,4,,0
