45100,'02070559307629202a09',751,,64,14,0,28 12 38,0,390,,61,14,0,28 12 38,0,300,,62,14,0,28 12 38,0,280,,63,14,0,28 12 38,0
45100,'0a2f1e22095132130163',1806,,65,16,0,28 12 38,0
45100,'2a08755845643968295b',751,,68,14,0,28 12 38,0,390,,66,14,0,28 12 38,0,580,,67,14,0,28 12 38,0
45100,'2a5b3362091f52630354',726,,75,15,0,39 6 40 41,0,10,,76,15,0,39 6 40 41,0,2,,77,14,0,39 6 40 41,0,83,,78,15,0,28 42 43,0,80,,79,15,0,28 42 43,0,140,,69,14,0,28 12 38,0,205,,70,16,0,28 12 38,0,305,,71,14,0,28 12 38,0,95,,72,15,0,28 12 38,0,100,,73,16,0,28 12 38,0,100,,74,16,0,28 12 38,0
45100,'4d7a6615443531084902',1441,,80,14,0,28 12 38,0
45100,'725616403949496a5c67',1346,,81,14,0,28 12 38,0
45101,'02070559307629202a09',924,,85,2,0,44 14 45 46,0,295,,82,2,0,44 14 45 46,0,300,,83,2,0,44 14 45 46,0,285,,84,2,0,44 14 45 46,0
45101,'0a2f1e22095132130163',1219,,86,2,0,44 14 45 46,0,395,,87,3,0,44 14 45 46,0,120,,88,4,0,44 14 45 46,0,2,,89,4,0,44 14 45 46,0,73,,90,3,0,44 14 45 46,0
45101,'1c42311e025d3b40504f',1829,,91,3,0,44 14 45 46,0
45101,'2a08755845643968295b',1219,,92,2,0,44 14 45 46,0,585,,93,2,0,44 14 45 46,0
45101,'2a5b3362091f52630354',704,,95,2,0,44 14 45 46,0,40,,96,2,0,44 14 45 46,0,75,,97,2,0,44 14 45 46,0,15,,98,2,0,44 14 45 46,0,470,,94,2,0,44 14 45 46,0
45101,'4d7a6615443531084902',924,,100,2,0,44 14 45 46,0,595,,99,2,0,44 14 45 46,0
45101,'693b6416011017175f3d',1904,,101,3,0,44 14 45 46,0
45101,'725616403949496a5c67',1240,,106,4,0,44 14 45 46,0,6,,102,4,0,44 14 45 46,0,368,,103,2,0,44 14 45 46,0,110,,104,2,0,44 14 45 46,0,35,,105,2,0,44 14 45 46,0
