45401,'02070559307629202a09',720,,184,2,0,28 22 14 15,0,425,,185,2,0,28 22 14 15,0,495,,183,2,0,28 22 14 15,0
45401,'075f4276790e1e273655',720,,416,2,0,28 22 14 15,0,425,,417,2,0,28 22 14 15,0,495,,415,2,0,28 22 14 15,0
45401,'0a2f1e22095132130163',1215,,186,1,0,28 22 14 15,0
45401,'0e5131610429337c0530',600,,418,1,0,28 29 30 31 20 32,0
45401,'184134507f4517151633',636,,420,1,0,28 22 14 15,0,579,,419,1,0,28 22 14 15,0
45401,'1c2e3625233d01453772',800,,421,1,0,28 22 14 15,0
45401,'2a08755845643968295b',636,,190,2,0,28 22 14 15,0,509,,191,2,0,28 22 14 15,0,185,,187,1,0,28 22 14 15,0,215,,188,2,0,28 22 14 15,0,185,,189,1,0,28 29 30 31 20 32,0
45401,'2a5b3362091f52630354',636,,195,1,0,28 22 14 15,0,714,,192,1,0,28 22 14 15,0,195,,193,1,0,28 22 14 15,0,185,,194,1,0,28 29 30 31 20 32,0
45401,'31744f7e5638320a2d4c',1215,,422,1,0,28 22 14 15,0
45401,'320823102b697f311363',720,,425,1,0,28 22 14 15,0,425,,423,1,0,28 22 14 15,0,495,,424,1,0,28 22 14 15,0
45401,'416039027b4e59137846',1730,,426,1,0,28 29 30 31 20 32,0,5,,427,1,0,28 29 30 31 20 32,0
45401,'494a652c1e455e3d7c72',1350,,428,1,0,28 22 14 15,0,195,,429,1,0,28 22 14 15,0
45401,'4d7a6615443531084902',800,,196,1,0,28 22 14 15,0
45401,'553d275f1455102c362a',1215,,430,1,0,28 22 14 15,0
45401,'59737b0d0f044b52693e',1730,,431,1,0,28 29 30 31 20 32,0
45401,'693b6416011017175f3d',1730,,197,1,0,28 29 30 31 20 32,0,5,,198,1,0,28 29 30 31 20 32,0
45401,'725616403949496a5c67',1215,,199,1,0,28 22 14 15,0
45401,'7c40501f37807a467b28',636,,434,2,0,28 22 14 15,0,509,,435,2,0,28 22 14 15,0,185,,432,1,0,28 22 14 15,0,215,,433,2,0,28 22 14 15,0
45401,'7f443a14596255477616',636,,437,1,0,28 22 14 15,0,1094,,436,1,0,28 29 30 31 20 32,0
