45000,'02070559307629202a09',1000,,6,12,0,54 55,0,250,,1,12,0,54 55,0,250,,2,12,0,44 14 45 46,0,215,,4,12,0,44 14 45 46,0,285,,5,12,0,44 14 45 46,0
45000,'075f4276790e1e273655',1000,,247,14,0,54 55,0,250,,245,14,0,54 55,0
45000,'0a2f1e22095132130163',1808,,9,13,0,44 14 45 46,0,14,,8,23,0,44 14 45 46,0,103,,10,23,0,44 14 45 46,0
45000,'0c4d4a5702287833722f',1000,,250,14,0,44 14 45 46,0,250,,249,14,0,44 14 45 46,0
45000,'1a20552b5a400f716a1b',1000,,16,12,0,54 55,0,250,,11,12,0,54 55,0,250,,12,12,0,44 14 45 46,0,255,,14,12,0,44 14 45 46,0,359,,15,12,0,44 14 45 46,0
45000,'1c2e3625233d01453772',1155,,251,14,0,44 14 45 46,0,670,,252,14,0,44 14 45 46,0,130,,253,14,0,44 14 45 46,0,159,,254,14,0,44 14 45 46,0
45000,'1f5759673f12020b0a50',1500,,255,14,0,44 14 45 46,0,215,,256,14,0,44 14 45 46,0,285,,257,14,0,44 14 45 46,0
45000,'20705f6f6c1d470f2a10',1000,,260,14,0,54 55,0,250,,258,14,0,54 55,0
45000,'2a08755845643968295b',925,,20,12,0,54 55,0,325,,18,12,0,54 55,0,250,,19,12,0,44 14 45 46,0
45000,'2a5b3362091f52630354',820,,22,22,0,44 14 45 46,0,35,,24,12,0,44 56 57,0,460,,21,12,0,44 14 45 46,0,340,,23,12,0,44 14 45 46,0
45000,'31744f7e5638320a2d4c',1308,,263,13,0,44 14 45 46,0,12,,262,22,0,44 14 45 46,0,105,,264,14,0,44 14 45 46,0
45000,'320823102b697f311363',1000,,266,14,0,44 14 45 46,0,250,,265,14,0,44 14 45 46,0
45000,'3823594e52252d7f6b14',1500,,267,14,0,44 14 45 46,0,255,,268,14,0,44 14 45 46,0,359,,269,12,0,44 14 45 46,0
45000,'494a652c1e455e3d7c72',855,,272,14,0,44 56 57,0,460,,270,14,0,44 14 45 46,0,340,,271,14,0,44 14 45 46,0
45000,'4d7a6615443531084902',1155,,25,12,0,44 14 45 46,0,670,,26,12,0,44 14 45 46,0,130,,27,12,0,44 14 45 46,0,159,,28,12,0,44 14 45 46,0
45000,'553d275f1455102c362a',1808,,274,13,0,44 14 45 46,0,14,,273,23,0,44 14 45 46,0,103,,275,23,0,44 14 45 46,0
45000,'725616403949496a5c67',1308,,30,13,0,44 14 45 46,0,12,,29,21,0,44 14 45 46,0,105,,31,12,0,44 14 45 46,0
45000,'7c40501f37807a467b28',925,,278,14,0,54 55,0,325,,276,14,0,54 55,0,250,,277,14,0,44 14 45 46,0
45000,'7f443a14596255477616',820,,279,23,0,44 14 45 46,0
