45100,'02070559307629202a09',743,,64,10,0,28 12 38,0,390,,61,10,0,28 12 38,0,300,,62,10,0,28 12 38,0,280,,63,10,0,28 12 38,0
45100,'0a2f1e22095132130163',1758,,65,11,0,28 12 38,0
45100,'0d4e3278231744213640',1239,,315,11,0,28 12 38,0,400,,316,11,0,28 12 38,0,295,,317,10,0,28 12 38,0
45100,'0e5131610429337c0530',618,,318,11,0,28 29 30 31 20 32,0
45100,'184134507f4517151633',854,,319,10,0,28 12 38,0
45100,'1c2e3625233d01453772',1435,,320,10,0,28 12 38,0
45100,'2a08755845643968295b',743,,68,10,0,28 12 38,0,390,,66,10,0,28 12 38,0,580,,67,10,0,28 12 38,0
45100,'2a5b3362091f52630354',718,,75,10,0,39 6 40 41,0,10,,76,10,0,39 6 40 41,0,2,,77,10,0,39 6 40 41,0,83,,78,11,0,28 42 43,0,40,,79,11,0,28 42 43,0,180,,69,10,0,28 12 38,0,205,,70,11,0,28 12 38,0,305,,71,10,0,28 12 38,0,95,,72,11,0,28 12 38,0,100,,73,11,0,28 12 38,0,100,,74,11,0,28 12 38,0
45100,'31744f7e5638320a2d4c',1339,,321,10,0,28 12 38,0
45100,'320823102b697f311363',844,,322,10,0,28 12 38,0
45100,'34470046707605410b09',744,,326,10,0,28 12 38,0,392,,323,10,0,28 12 38,0,299,,324,10,0,28 12 38,0,279,,325,10,0,28 12 38,0
45100,'494a652c1e455e3d7c72',1544,,327,10,0,28 12 38,0
45100,'4d7a6615443531084902',1433,,80,10,0,28 12 38,0
45100,'553d275f1455102c362a',1800,,328,11,0,28 12 38,0
45100,'59737b0d0f044b52693e',744,,331,10,0,28 12 38,0,392,,329,10,0,28 12 38,0,578,,330,10,0,28 12 38,0
45100,'720e2d0f476223047d12',1544,,332,10,0,28 12 38,0
45100,'725616403949496a5c67',1338,,81,10,0,28 12 38,0
45100,'7f443a14596255477616',718,,338,10,0,39 6 40 41,0,10,,340,10,0,39 6 40 41,0,86,,341,11,0,28 42 43,0,40,,342,11,0,28 42 43,0,180,,333,10,0,28 12 38,0,205,,334,11,0,28 12 38,0,400,,335,11,0,28 12 38,0,101,,336,11,0,28 12 38,0,99,,337,11,0,28 12 38,0
45101,'02070559307629202a09',932,,85,6,0,44 14 45 46,0,295,,82,6,0,44 14 45 46,0,300,,83,6,0,44 14 45 46,0,285,,84,6,0,44 14 45 46,0
45101,'06693a797f7b73176b39',1838,,343,8,0,44 14 45 46,0
45101,'075f4276790e1e273655',1812,,344,6,0,44 14 45 46,0
45101,'0a2f1e22095132130163',1227,,86,6,0,44 14 45 46,0,395,,87,7,0,44 14 45 46,0,120,,88,8,0,44 14 45 46,0,2,,89,8,0,44 14 45 46,0,74,,90,8,0,44 14 45 46,0
45101,'0d4e3278231744213640',712,,346,7,0,44 14 45 46,0,600,,345,6,0,44 14 45 46,0,415,,347,6,0,44 14 45 46,0
45101,'184134507f4517151633',1652,,348,7,0,44 14 45 46,0,166,,349,8,0,44 14 45 46,0
45101,'1c2e3625233d01453772',932,,351,6,0,44 14 45 46,0,595,,350,6,0,44 14 45 46,0
45101,'1c42311e025d3b40504f',1838,,91,8,0,44 14 45 46,0
45101,'1f5759673f12020b0a50',932,,352,6,0,44 14 45 46,0
45101,'2a08755845643968295b',1227,,92,6,0,44 14 45 46,0,585,,93,6,0,44 14 45 46,0
45101,'2a5b3362091f52630354',712,,95,7,0,44 14 45 46,0,40,,96,7,0,44 14 45 46,0,75,,97,6,0,44 14 45 46,0,16,,98,6,0,44 14 45 46,0,469,,94,6,0,44 14 45 46,0
45101,'31744f7e5638320a2d4c',1237,,357,9,0,44 14 45 46,0,17,,353,9,0,44 14 45 46,0,368,,354,6,0,44 14 45 46,0,110,,355,6,0,44 14 45 46,0,75,,356,6,0,44 14 45 46,0
45101,'34470046707605410b09',1227,,358,6,0,44 14 45 46,0,300,,359,6,0,44 14 45 46,0
45101,'416039027b4e59137846',1913,,360,8,0,44 14 45 46,0
45101,'494a652c1e455e3d7c72',827,,361,6,0,44 14 45 46,0
45101,'4d7a6615443531084902',932,,100,6,0,44 14 45 46,0,595,,99,6,0,44 14 45 46,0
45101,'553d275f1455102c362a',1227,,362,6,0,44 14 45 46,0,395,,363,7,0,44 14 45 46,0,120,,364,8,0,44 14 45 46,0,2,,365,8,0,44 14 45 46,0,74,,366,8,0,44 14 45 46,0
45101,'59737b0d0f044b52693e',1227,,367,6,0,44 14 45 46,0
45101,'693b6416011017175f3d',1913,,101,8,0,44 14 45 46,0
45101,'720e2d0f476223047d12',827,,370,6,0,44 14 45 46,0,825,,368,7,0,44 14 45 46,0,166,,369,7,0,44 14 45 46,0
45101,'725616403949496a5c67',1246,,106,9,0,44 14 45 46,0,8,,102,9,0,44 14 45 46,0,368,,103,6,0,44 14 45 46,0,110,,104,6,0,44 14 45 46,0,75,,105,6,0,44 14 45 46,0
45101,'7c40501f37807a467b28',1812,,371,6,0,44 14 45 46,0
45101,'7f443a14596255477616',712,,373,7,0,44 14 45 46,0,40,,374,7,0,44 14 45 46,0,91,,375,6,0,44 14 45 46,0,469,,372,6,0,44 14 45 46,0
