45101,'06693a797f7b73176b39',1833,,343,5,0,44 14 45 46,0
45101,'0a2f1e22095132130163',1813,,90,5,0,44 14 45 46,0
45101,'0d4e3278231744213640',707,,346,4,0,44 14 45 46,0
45101,'184134507f4517151633',1813,,349,5,0,44 14 45 46,0
45101,'1c42311e025d3b40504f',1833,,91,5,0,44 14 45 46,0
45101,'2a5b3362091f52630354',707,,95,4,0,44 14 45 46,0,40,,96,4,0,44 14 45 46,0
45101,'31744f7e5638320a2d4c',1233,,357,6,0,44 14 45 46,0,16,,353,6,0,44 14 45 46,0
45101,'416039027b4e59137846',1908,,360,5,0,44 14 45 46,0
45101,'553d275f1455102c362a',1813,,366,5,0,44 14 45 46,0
45101,'693b6416011017175f3d',1908,,101,5,0,44 14 45 46,0
45101,'725616403949496a5c67',1242,,106,6,0,44 14 45 46,0,7,,102,6,0,44 14 45 46,0
45101,'7f443a14596255477616',707,,373,4,0,44 14 45 46,0,40,,374,4,0,44 14 45 46,0
45301,'1c2e3625233d01453772',900,,385,19,0,50 51 52 53,0,324,,386,19,0,50 51 52 53,0,301,,387,19,0,50 51 52 53,0,300,,388,19,0,50 51 52 53,0
45301,'4d7a6615443531084902',900,,161,19,0,50 51 52 53,0,326,,162,19,0,50 51 52 53,0,299,,163,19,0,50 51 52 53,0,300,,164,19,0,50 51 52 53,0
