45700,'02070559307629202a09',808,,225,4,0,19 20 21,0,330,,226,4,0,19 20 21,0,300,,227,4,0,19 20 21,0
45700,'075f4276790e1e273655',807,,463,4,0,19 20 21,0,330,,464,4,0,19 20 21,0,300,,465,4,0,19 20 21,0
45700,'1c2e3625233d01453772',807,,466,4,0,19 20 21,0,330,,467,4,0,19 20 21,0,300,,468,4,0,19 20 21,0
45700,'4d7a6615443531084902',808,,230,4,0,19 20 21,0,330,,231,4,0,19 20 21,0,300,,232,4,0,19 20 21,0
45701,'02070559307629202a09',1040,,233,18,0,63 64,0,360,,234,18,0,63 64,0,422,,235,18,0,63 64,0
45701,'06693a797f7b73176b39',1823,,471,18,0,63 64,0
45701,'075f4276790e1e273655',1041,,472,18,0,63 64,0,360,,473,18,0,63 64,0,422,,474,18,0,63 64,0
45701,'1c2e3625233d01453772',1041,,475,18,0,63 64,0,360,,476,18,0,63 64,0
45701,'1c42311e025d3b40504f',1822,,236,18,0,63 64,0
45701,'2a08755845643968295b',1822,,238,18,0,63 64,0
45701,'416039027b4e59137846',1823,,480,19,0,63 64,0
45701,'4d7a6615443531084902',1040,,239,18,0,63 64,0,360,,240,18,0,63 64,0
45701,'59737b0d0f044b52693e',1823,,482,18,0,63 64,0
45701,'693b6416011017175f3d',1822,,242,19,0,63 64,0
