45200,'09723e564c7f765c2a4d',733,,107,7,0,5 69 70,0
45200,'172f65311663730f1c1d',1338,,108,16,0,63 64,0
45200,'204c681517280a424324',1138,,113,16,0,5 8 9 10,0,400,,109,16,0,5 8 9 10,0,200,,110,16,0,5 8 9 10,0,200,,111,16,0,5 8 9 10,0,190,,112,16,0,5 8 9 10,0
45200,'311419515b6b024e4515',938,,114,16,0,63 64,0
45200,'44521d0a5f7630785e17',808,,122,16,0,63 64,0,35,,123,16,0,5 6 7,0,295,,124,16,0,5 8 9 10,0,70,,125,16,0,5 8 9 10,0,220,,115,16,0,5 8 9 10,0,110,,116,16,0,5 8 9 10,0,110,,117,16,0,5 8 9 10,0,184,,118,16,0,5 8 9 10,0,96,,119,16,0,5 8 9 10,0,75,,120,16,0,5 8 9 10,0,115,,121,16,0,5 8 9 10,0
45200,'4d7a6615443531084902',1758,,126,25,0,5 8 9 10,0
45200,'7f053522120e29061946',1138,,130,16,0,5 8 9 10,0,400,,127,16,0,5 8 9 10,0,200,,128,16,0,5 8 9 10,0,200,,129,16,0,5 8 9 10,0
45700,'02070559307629202a09',903,,225,20,0,19 20 21,0,330,,226,20,0,19 20 21,0,300,,227,20,0,19 20 21,0
45700,'2a5b3362091f52630354',745,,229,6,4,,0
45700,'4d7a6615443531084902',903,,230,20,0,19 20 21,0,330,,231,20,0,19 20 21,0,300,,232,20,0,19 20 21,0
45701,'02070559307629202a09',945,,233,2,0,63 64,0,360,,234,2,0,63 64,0,420,,235,2,0,63 64,0
45701,'1c42311e025d3b40504f',1725,,236,2,0,63 64,0
45701,'296b622873433b653522',1725,,237,2,0,36 27 31 37,0
45701,'2a08755845643968295b',1725,,238,2,0,63 64,0
45701,'4d7a6615443531084902',945,,239,2,0,63 64,0,360,,240,2,0,63 64,0
45701,'693b6416011017175f3d',1725,,241,2,0,36 27 31 37,0
45701,'725616403949496a5c67',1215,,244,1,0,66 67,0
