45200,'172f65311663730f1c1d',1410,,108,19,0,63 64,0
45200,'311419515b6b024e4515',1005,,114,19,0,63 64,0
45200,'44521d0a5f7630785e17',835,,122,19,0,63 64,0
45700,'02070559307629202a09',827,,225,11,0,19 20 21,0,330,,226,11,0,19 20 21,0,300,,227,11,0,19 20 21,0
45700,'075f4276790e1e273655',827,,463,11,0,19 20 21,0,330,,464,11,0,19 20 21,0,300,,465,11,0,19 20 21,0
45700,'1c2e3625233d01453772',827,,466,11,0,19 20 21,0,330,,467,11,0,19 20 21,0,300,,468,11,0,19 20 21,0
45700,'4d7a6615443531084902',827,,230,11,0,19 20 21,0,330,,231,11,0,19 20 21,0,300,,232,11,0,19 20 21,0
45701,'02070559307629202a09',1022,,233,11,0,63 64,0,321,,234,11,0,63 64,0,460,,235,11,0,63 64,0
45701,'06693a797f7b73176b39',1803,,471,11,0,63 64,0
45701,'075f4276790e1e273655',1022,,472,11,0,63 64,0,321,,473,11,0,63 64,0,460,,474,11,0,63 64,0
45701,'1c2e3625233d01453772',1022,,475,11,0,63 64,0,321,,476,11,0,63 64,0
45701,'1c42311e025d3b40504f',1803,,236,11,0,63 64,0
45701,'2a08755845643968295b',1803,,238,11,0,63 64,0
45701,'416039027b4e59137846',1803,,480,12,0,63 64,0
45701,'4d7a6615443531084902',1022,,239,11,0,63 64,0,322,,240,11,0,63 64,0
45701,'59737b0d0f044b52693e',1803,,482,11,0,63 64,0
45701,'693b6416011017175f3d',1803,,242,12,0,63 64,0
