45001,'02070559307629202a09',803,,37,12,0,47 14 15,0,335,,32,12,0,47 14 15,0,205,,33,12,0,47 14 15,0,265,,34,13,0,47 14 15,0,245,,36,13,0,47 14 15,0
45001,'075f4276790e1e273655',1138,,280,12,0,47 14 15,0,470,,281,13,0,47 14 15,0,245,,283,13,0,47 14 15,0
45001,'0a2f1e22095132130163',1741,,39,17,0,47 20 58 2 59,0
45001,'0c4d4a5702287833722f',1101,,287,12,0,47 14 15,0,507,,285,12,0,47 14 15,0,400,,286,12,0,47 14 15,0
45001,'1a20552b5a400f716a1b',853,,46,12,0,47 14 15,0,285,,41,12,0,47 14 15,0,205,,42,12,0,47 14 15,0,265,,43,13,0,47 14 15,0,400,,45,13,0,47 14 15,0
45001,'1c2e3625233d01453772',828,,290,12,0,47 14 15,0,475,,288,12,0,47 14 15,0,655,,289,13,0,47 14 15,0
45001,'1f5759673f12020b0a50',803,,292,12,0,47 14 15,0,540,,291,12,0,47 14 15,0
45001,'20705f6f6c1d470f2a10',1138,,294,12,0,47 14 15,0,470,,295,13,0,47 14 15,0,400,,297,13,0,47 14 15,0
45001,'2a08755845643968295b',718,,50,12,0,47 14 15,0,420,,47,12,0,47 14 15,0,365,,48,13,0,47 14 15,0,220,,49,13,0,47 14 15,0
45001,'2a5b3362091f52630354',653,,53,12,0,47 14 15,0,65,,56,18,0,47 20 58 2 59,0,490,,52,12,0,47 14 15,0,295,,54,12,0,47 14 15,0,310,,55,15,0,47 14 15,0
45001,'31744f7e5638320a2d4c',1251,,298,17,0,47 14 15,0
45001,'320823102b697f311363',1101,,301,12,0,47 14 15,0,507,,299,12,0,47 14 15,0,245,,300,12,0,47 14 15,0
45001,'3823594e52252d7f6b14',853,,303,12,0,47 14 15,0,490,,302,12,0,47 14 15,0
45001,'494a652c1e455e3d7c72',1208,,304,12,0,47 14 15,0,295,,305,12,0,47 14 15,0,310,,306,15,0,47 14 15,0
45001,'4d7a6615443531084902',828,,59,12,0,47 14 15,0,475,,57,12,0,47 14 15,0,655,,58,13,0,47 14 15,0
45001,'553d275f1455102c362a',1741,,307,17,0,47 14 15,0
45001,'59737b0d0f044b52693e',718,,308,12,0,47 14 15,0
45001,'725616403949496a5c67',1251,,60,17,0,47 20 58 2 59,0
45001,'7c40501f37807a467b28',1138,,309,12,0,47 14 15,0,365,,310,13,0,47 14 15,0,220,,311,13,0,47 14 15,0
45001,'7f443a14596255477616',653,,313,12,0,47 14 15,0,65,,314,18,0,47 73 74,0
