45201,'172f65311663730f1c1d',1050,,132,2,0,68 14 15,0
45201,'311419515b6b024e4515',1650,,139,2,0,68 14 15,0
45201,'44521d0a5f7630785e17',1640,,145,2,0,68 14 15,0
45701,'02070559307629202a09',1036,,233,14,0,63 64,0,320,,234,14,0,63 64,0,462,,235,14,0,63 64,0
45701,'06693a797f7b73176b39',1818,,471,15,0,63 64,0
45701,'075f4276790e1e273655',1036,,472,15,0,63 64,0,320,,473,15,0,63 64,0,462,,474,15,0,63 64,0
45701,'1c2e3625233d01453772',1036,,475,15,0,63 64,0,320,,476,15,0,63 64,0
45701,'1c42311e025d3b40504f',1818,,236,14,0,63 64,0
45701,'2a08755845643968295b',1818,,238,14,0,63 64,0
45701,'416039027b4e59137846',1818,,480,16,0,63 64,0
45701,'4d7a6615443531084902',1036,,239,14,0,63 64,0,320,,240,14,0,63 64,0
45701,'59737b0d0f044b52693e',1818,,482,15,0,63 64,0
45701,'693b6416011017175f3d',1818,,242,15,0,63 64,0
