45000,'075f4276790e1e273655',909,,247,3,0,54 55,0,249,,245,3,0,54 55,0
45000,'0a2f1e22095132130163',1719,,9,3,0,44 14 45 46,0,6,,8,3,0,44 14 45 46,0,102,,10,2,0,44 14 45 46,0
45000,'0c4d4a5702287833722f',909,,250,3,0,44 14 45 46,0,249,,249,3,0,44 14 45 46,0
45000,'1c2e3625233d01453772',1103,,251,3,0,44 14 45 46,0,630,,252,3,0,44 14 45 46,0,170,,253,3,0,44 14 45 46,0,125,,254,3,0,44 14 45 46,0
45000,'1f5759673f12020b0a50',1409,,255,3,0,44 14 45 46,0,215,,256,3,0,44 14 45 46,0,285,,257,3,0,44 14 45 46,0
45000,'20705f6f6c1d470f2a10',909,,260,3,0,54 55,0,249,,258,3,0,54 55,0
45000,'31744f7e5638320a2d4c',1219,,263,4,0,44 14 45 46,0,6,,262,5,0,44 14 45 46,0,108,,264,3,0,44 14 45 46,0
45000,'320823102b697f311363',909,,266,3,0,44 14 45 46,0,249,,265,3,0,44 14 45 46,0
45000,'3823594e52252d7f6b14',1409,,267,3,0,44 14 45 46,0,294,,268,3,0,44 14 45 46,0
45000,'494a652c1e455e3d7c72',803,,272,3,0,44 56 57,0,420,,270,3,0,44 14 45 46,0,380,,271,3,0,44 14 45 46,0
45000,'553d275f1455102c362a',1719,,274,4,0,44 14 45 46,0,6,,273,4,0,44 14 45 46,0,100,,275,3,0,44 14 45 46,0
45000,'725616403949496a5c67',1219,,30,3,0,44 14 45 46,0,6,,29,4,0,44 14 45 46,0
45000,'7c40501f37807a467b28',833,,278,3,0,54 55,0,325,,276,3,0,54 55,0,251,,277,3,0,44 14 45 46,0
45000,'7f443a14596255477616',713,,279,3,0,44 14 45 46,0
45001,'075f4276790e1e273655',1142,,280,13,0,47 14 15,0,470,,281,14,0,47 14 15,0,245,,283,14,0,47 14 15,0
45001,'0a2f1e22095132130163',1752,,39,19,4,,0
45001,'0c4d4a5702287833722f',1105,,287,13,0,47 14 15,0,507,,285,13,0,47 14 15,0
45001,'1c2e3625233d01453772',832,,290,13,0,47 14 15,0,475,,288,13,0,47 14 15,0,695,,289,14,0,47 14 15,0
45001,'1f5759673f12020b0a50',807,,292,13,0,47 14 15,0,540,,291,13,0,47 14 15,0
45001,'20705f6f6c1d470f2a10',1142,,294,13,0,47 14 15,0,470,,295,14,0,47 14 15,0,398,,297,14,0,47 14 15,0
45001,'2a5b3362091f52630354',740,,51,16,0,47 60 61 62,0,12,,56,23,4,,0
45001,'31744f7e5638320a2d4c',1255,,298,18,0,47 14 15,0
45001,'320823102b697f311363',1105,,301,13,0,47 14 15,0,507,,299,13,0,47 14 15,0,245,,300,13,0,47 14 15,0
45001,'3823594e52252d7f6b14',857,,303,13,0,47 14 15,0,490,,302,13,0,47 14 15,0
45001,'494a652c1e455e3d7c72',1212,,304,13,0,47 14 15,0,295,,305,13,0,47 14 15,0,310,,306,16,0,47 14 15,0
45001,'553d275f1455102c362a',1745,,307,18,0,47 14 15,0
45001,'725616403949496a5c67',1302,,60,19,4,,0
45001,'7c40501f37807a467b28',1142,,309,13,0,47 14 15,0,365,,310,14,0,47 14 15,0,220,,311,14,0,47 14 15,0
45001,'7f443a14596255477616',740,,312,15,0,47 60 61 62,0
