45100,'02070559307629202a09',755,,64,15,4,,0,390,,61,15,4,,0,300,,62,15,4,,0,280,,63,15,4,,0
45100,'0a2f1e22095132130163',1810,,65,17,4,,0
45100,'2a08755845643968295b',755,,68,15,4,,0,390,,66,15,4,,0,580,,67,15,4,,0
45100,'2a5b3362091f52630354',730,,75,16,0,39 6 40 41,0,10,,76,16,0,39 6 40 41,0,2,,77,15,0,39 6 40 41,0,83,,78,16,0,28 42 43,0,80,,79,16,0,28 42 43,0,140,,69,15,4,,0,205,,70,17,4,,0,305,,71,15,4,,0,95,,72,16,4,,0,100,,73,17,4,,0,100,,74,17,4,,0
45100,'4d7a6615443531084902',1445,,80,15,4,,0
45100,'725616403949496a5c67',1350,,81,15,4,,0
45101,'02070559307629202a09',920,,85,1,0,44 14 45 46,0,295,,82,1,0,44 14 45 46,0,300,,83,1,0,44 14 45 46,0,285,,84,1,0,44 14 45 46,0
45101,'0a2f1e22095132130163',1215,,86,1,0,44 14 45 46,0,395,,87,2,0,44 14 45 46,0,120,,88,3,0,44 14 45 46,0,2,,89,3,0,44 14 45 46,0,73,,90,2,0,44 14 45 46,0
45101,'1c42311e025d3b40504f',1825,,91,2,0,44 14 45 46,0
45101,'2a08755845643968295b',1215,,92,1,0,44 14 45 46,0,585,,93,1,0,44 14 45 46,0
45101,'2a5b3362091f52630354',700,,95,1,0,44 14 45 46,0,40,,96,1,0,44 14 45 46,0,75,,97,1,0,44 14 45 46,0,15,,98,1,0,44 14 45 46,0,470,,94,1,0,44 14 45 46,0
45101,'4d7a6615443531084902',920,,100,1,0,44 14 45 46,0,595,,99,1,0,44 14 45 46,0
45101,'693b6416011017175f3d',1900,,101,2,0,44 14 45 46,0
45101,'725616403949496a5c67',1235,,106,3,0,44 14 45 46,0,7,,102,3,0,44 14 45 46,0,368,,103,1,0,44 14 45 46,0,110,,104,1,0,44 14 45 46,0,35,,105,1,0,44 14 45 46,0
45400,'02070559307629202a09',831,,167,2,0,19 20 21,0,476,,165,2,0,19 20 21,0,443,,166,2,0,19 20 21,0
45400,'0a2f1e22095132130163',1217,,168,2,0,5 22 23 24,0,493,,169,2,0,5 22 23 24,0
45400,'2a08755845643968295b',652,,173,2,0,5 22 23 24,0,160,,174,2,0,19 20 21,0,335,,170,2,0,5 22 23 24,0,160,,171,2,0,19 20 21,0,405,,172,2,0,19 20 21,0
45400,'2a5b3362091f52630354',652,,176,2,0,5 22 23 24,0,160,,177,2,0,5 22 23 24,0,535,,175,2,0,5 22 23 24,0
45400,'4d7a6615443531084902',1612,,178,2,0,5 22 23 24,0
45400,'693b6416011017175f3d',1705,,179,2,0,25 20,0
45400,'725616403949496a5c67',1215,,181,2,0,5 22 23 24,0,497,,182,2,0,5 22 23 24,0
45401,'02070559307629202a09',818,,184,15,0,28 22 14 15,0,425,,185,15,0,28 22 14 15,0,495,,183,15,0,28 22 14 15,0
45401,'0a2f1e22095132130163',1313,,186,14,0,28 22 14 15,0
45401,'2a08755845643968295b',744,,190,15,0,28 22 14 15,0,499,,191,15,0,28 22 14 15,0,185,,187,14,0,28 22 14 15,0,215,,188,15,0,28 22 14 15,0
45401,'2a5b3362091f52630354',744,,195,16,0,28 22 14 15,0,704,,192,14,0,28 22 14 15,0,195,,193,14,0,28 22 14 15,0
45401,'4d7a6615443531084902',858,,196,14,0,28 22 14 15,0
45401,'725616403949496a5c67',1326,,199,17,0,28 22 14 15,0
