45100,'02070559307629202a09',745,,64,11,0,28 12 38,0,390,,61,11,0,28 12 38,0,300,,62,11,0,28 12 38,0,280,,63,11,0,28 12 38,0
45100,'0a2f1e22095132130163',1800,,65,12,0,28 12 38,0
45100,'0d4e3278231744213640',1240,,315,12,0,28 12 38,0,400,,316,12,0,28 12 38,0,295,,317,11,0,28 12 38,0
45100,'0e5131610429337c0530',620,,318,12,0,28 29 30 31 20 32,0
45100,'184134507f4517151633',855,,319,11,0,28 12 38,0
45100,'1c2e3625233d01453772',1436,,320,11,0,28 12 38,0
45100,'2a08755845643968295b',745,,68,11,0,28 12 38,0,390,,66,11,0,28 12 38,0,580,,67,11,0,28 12 38,0
45100,'2a5b3362091f52630354',720,,75,11,0,39 6 40 41,0,10,,76,11,0,39 6 40 41,0,2,,77,11,0,39 6 40 41,0,83,,78,12,0,28 42 43,0,40,,79,12,0,28 42 43,0,180,,69,11,0,28 12 38,0,205,,70,12,0,28 12 38,0,305,,71,11,0,28 12 38,0,95,,72,12,0,28 12 38,0,100,,73,12,0,28 12 38,0,100,,74,12,0,28 12 38,0
45100,'31744f7e5638320a2d4c',1340,,321,11,0,28 12 38,0
45100,'320823102b697f311363',845,,322,11,0,28 12 38,0
45100,'34470046707605410b09',745,,326,11,0,28 12 38,0,392,,323,11,0,28 12 38,0,299,,324,11,0,28 12 38,0,279,,325,11,0,28 12 38,0
45100,'494a652c1e455e3d7c72',1545,,327,11,0,28 12 38,0
45100,'4d7a6615443531084902',1435,,80,11,0,28 12 38,0
45100,'553d275f1455102c362a',1801,,328,12,0,28 12 38,0
45100,'59737b0d0f044b52693e',745,,331,11,0,28 12 38,0,392,,329,11,0,28 12 38,0,578,,330,11,0,28 12 38,0
45100,'720e2d0f476223047d12',1545,,332,11,0,28 12 38,0
45100,'725616403949496a5c67',1340,,81,11,0,28 12 38,0
45100,'7f443a14596255477616',720,,338,11,0,39 6 40 41,0,10,,340,11,0,39 6 40 41,0,85,,341,12,0,28 42 43,0,40,,342,12,0,28 42 43,0,180,,333,11,0,28 12 38,0,205,,334,12,0,28 12 38,0,400,,335,12,0,28 12 38,0,101,,336,12,0,28 12 38,0,99,,337,12,0,28 12 38,0
