45000,'0a2f1e22095132130163',1740,,8,8,0,44 14 45 46,0,100,,10,7,0,44 14 45 46,0
45000,'2a5b3362091f52630354',732,,22,6,0,44 14 45 46,0
45000,'31744f7e5638320a2d4c',1238,,262,10,0,44 14 45 46,0
45000,'553d275f1455102c362a',1738,,273,9,0,44 14 45 46,0,102,,275,8,0,44 14 45 46,0
45000,'725616403949496a5c67',1240,,29,9,0,44 14 45 46,0
45000,'7f443a14596255477616',732,,279,8,0,44 14 45 46,0
45001,'0a2f1e22095132130163',1723,,39,12,0,47 20 58 2 59,0
45001,'2a5b3362091f52630354',705,,56,13,0,47 20 58 2 59,0
45001,'31744f7e5638320a2d4c',1233,,298,12,0,47 14 15,0
45001,'553d275f1455102c362a',1723,,307,12,0,47 14 15,0
45001,'725616403949496a5c67',1233,,60,12,0,47 20 58 2 59,0
45001,'7f443a14596255477616',705,,314,13,0,47 73 74,0
