45201,'0646380e515e0e55705d',1755,,131,9,0,68 14 15,0
45201,'172f65311663730f1c1d',1155,,132,13,0,68 14 15,0
45201,'1c2e3625233d01453772',835,,378,8,0,65 14 45,0
45201,'204c681517280a424324',800,,136,8,0,68 14 15,0,200,,137,8,0,68 14 15,0,355,,133,8,0,68 14 15,0,200,,134,8,0,68 14 15,0,450,,135,8,0,68 14 15,0
45201,'2406546d7104722a434c',1242,,138,9,4,,0
45201,'311419515b6b024e4515',1755,,139,13,0,68 14 15,0
45201,'335e221048313e0b4c6e',1755,,140,9,4,,0
45201,'38330f282a2b4a5e2a78',1755,,379,9,0,68 14 15,0
45201,'3c57162a6f2449753f29',1755,,380,9,0,68 14 15,0
45201,'44521d0a5f7630785e17',605,,146,8,0,68 14 15,0,105,,149,8,0,68 14 15,0,245,,150,8,0,68 14 15,0,85,,151,8,0,68 14 15,0,192,,141,9,0,68 14 15,0,123,,142,8,0,68 14 15,0,175,,143,8,0,68 14 15,0,117,,144,9,0,68 14 15,0,98,,145,13,0,68 14 15,0,95,,147,9,0,68 14 15,0,105,,148,8,0,68 14 15,0
45201,'4d7a6615443531084902',835,,152,8,0,65 14 45,0
45201,'7f053522120e29061946',800,,155,8,0,68 14 15,0,200,,156,8,0,68 14 15,0,355,,153,8,0,68 14 15,0,200,,154,8,0,68 14 15,0
