45201,'172f65311663730f1c1d',1133,,132,5,0,68 14 15,0
45201,'311419515b6b024e4515',1733,,139,5,0,68 14 15,0
45201,'38330f282a2b4a5e2a78',1733,,379,1,0,68 14 15,0
45201,'3c57162a6f2449753f29',1733,,380,1,0,68 14 15,0
45201,'44521d0a5f7630785e17',1210,,141,1,0,68 14 15,0,415,,144,1,0,68 14 15,0,98,,145,5,0,68 14 15,0,95,,147,1,0,68 14 15,0
45401,'2a5b3362091f52630354',1738,,194,3,0,28 29 30 31 20 32,0
45401,'31744f7e5638320a2d4c',1223,,422,3,0,28 22 14 15,0
45401,'416039027b4e59137846',1738,,426,3,0,28 29 30 31 20 32,0,5,,427,3,0,28 29 30 31 20 32,0
45401,'693b6416011017175f3d',1738,,197,3,0,28 29 30 31 20 32,0,5,,198,3,0,28 29 30 31 20 32,0
45401,'725616403949496a5c67',1223,,199,3,0,28 22 14 15,0
45401,'7f443a14596255477616',1738,,436,3,0,28 29 30 31 20 32,0
45701,'416039027b4e59137846',1736,,479,5,0,36 27 31 37,0
45701,'693b6416011017175f3d',1736,,241,5,0,36 27 31 37,0
