45001,'02070559307629202a09',710,,37,1,0,47 14 15,0,335,,32,1,0,47 14 15,0,205,,33,1,0,47 14 15,0,265,,34,2,0,47 14 15,0,285,,36,2,0,47 14 15,0
45001,'075f4276790e1e273655',1045,,280,1,0,47 14 15,0,470,,281,2,0,47 14 15,0,285,,283,2,0,47 14 15,0
45001,'0a2f1e22095132130163',1645,,39,1,0,47 20 58 2 59,0
45001,'0c4d4a5702287833722f',1008,,287,1,0,47 14 15,0,507,,285,1,0,47 14 15,0,400,,286,1,0,47 14 15,0
45001,'1a20552b5a400f716a1b',800,,46,1,0,47 14 15,0,245,,41,1,0,47 14 15,0,205,,42,1,0,47 14 15,0,265,,43,2,0,47 14 15,0,400,,45,2,0,47 14 15,0
45001,'1c2e3625233d01453772',735,,290,1,0,47 14 15,0,475,,288,1,0,47 14 15,0,695,,289,2,0,47 14 15,0
45001,'1f5759673f12020b0a50',710,,292,1,0,47 14 15,0,540,,291,1,0,47 14 15,0
45001,'20705f6f6c1d470f2a10',1045,,294,1,0,47 14 15,0,470,,295,2,0,47 14 15,0,400,,297,2,0,47 14 15,0
45001,'2a08755845643968295b',625,,50,1,0,47 14 15,0,420,,47,1,0,47 14 15,0,365,,48,2,0,47 14 15,0,220,,49,2,0,47 14 15,0
45001,'2a5b3362091f52630354',600,,53,1,0,47 14 15,0,20,,56,1,0,47 20 58 2 59,0,15,,51,1,0,47 60 61 62,0,480,,52,1,0,47 14 15,0,295,,54,1,0,47 14 15,0,310,,55,2,0,47 14 15,0
45001,'31744f7e5638320a2d4c',1155,,298,1,0,47 14 15,0
45001,'320823102b697f311363',1008,,301,1,0,47 14 15,0,507,,299,1,0,47 14 15,0,285,,300,1,0,47 14 15,0
45001,'3823594e52252d7f6b14',800,,303,1,0,47 14 15,0,450,,302,1,0,47 14 15,0
45001,'494a652c1e455e3d7c72',1115,,304,1,0,47 14 15,0,295,,305,1,0,47 14 15,0,310,,306,2,0,47 14 15,0
45001,'4d7a6615443531084902',735,,59,1,0,47 14 15,0,475,,57,1,0,47 14 15,0,695,,58,2,0,47 14 15,0
45001,'553d275f1455102c362a',1645,,307,1,0,47 14 15,0
45001,'59737b0d0f044b52693e',625,,308,1,0,47 14 15,0
45001,'725616403949496a5c67',1155,,60,1,0,47 20 58 2 59,0
45001,'7c40501f37807a467b28',1045,,309,1,0,47 14 15,0,365,,310,2,0,47 14 15,0,220,,311,2,0,47 14 15,0
45001,'7f443a14596255477616',600,,313,1,0,47 14 15,0,20,,314,1,0,47 73 74,0,15,,312,1,0,47 60 61 62,0
