45200,'09723e564c7f765c2a4d',742,,107,9,4,,0
45201,'0646380e515e0e55705d',1733,,131,1,0,68 14 15,0
45201,'2406546d7104722a434c',1220,,138,1,0,71 72,0
45201,'335e221048313e0b4c6e',1733,,140,1,0,71 72,0
45400,'2a5b3362091f52630354',741,,176,14,0,5 22 23 24,0
45401,'2a5b3362091f52630354',1743,,194,4,0,28 29 30 31 20 32,0
45401,'693b6416011017175f3d',1743,,197,4,0,28 29 30 31 20 32,0,5,,198,4,0,28 29 30 31 20 32,0
45401,'725616403949496a5c67',1228,,199,4,0,28 22 14 15,0
45500,'2a5b3362091f52630354',742,,203,8,0,5 6 7,0
45501,'0a2f1e22095132130163',1735,,212,1,0,34 35,0
45501,'2a5b3362091f52630354',810,,214,2,0,33 20,0
45501,'725616403949496a5c67',1220,,217,2,0,11 12,0
45600,'2a5b3362091f52630354',742,,220,18,0,5 6 7,0
45600,'725616403949496a5c67',1407,,221,18,0,5 6 7,0
45601,'2a5b3362091f52630354',1735,,223,2,0,26 27,0
45601,'725616403949496a5c67',1220,,224,2,0,26 27,0
45700,'02070559307629202a09',856,,225,18,0,19 20 21,0,370,,226,18,0,19 20 21,0,300,,227,18,0,19 20 21,0
45700,'2a5b3362091f52630354',741,,229,4,0,5 22 23 24,0
45700,'4d7a6615443531084902',856,,230,18,0,19 20 21,0,370,,231,18,0,19 20 21,0,300,,232,18,0,19 20 21,0
45701,'02070559307629202a09',952,,233,4,0,63 64,0,360,,234,4,0,63 64,0,420,,235,4,0,63 64,0
45701,'1c42311e025d3b40504f',1732,,236,4,0,63 64,0
45701,'296b622873433b653522',1732,,237,4,0,36 27 31 37,0
45701,'2a08755845643968295b',1732,,238,4,0,63 64,0
45701,'4d7a6615443531084902',952,,239,4,0,63 64,0,360,,240,4,0,63 64,0
45701,'693b6416011017175f3d',1732,,241,4,0,36 27 31 37,0
45701,'725616403949496a5c67',1220,,244,3,0,66 67,0
