45700,'02070559307629202a09',849,,225,17,0,19 20 21,0,370,,226,17,0,19 20 21,0,300,,227,17,0,19 20 21,0
45700,'2a5b3362091f52630354',736,,229,3,0,5 22 23 24,0
45700,'4d7a6615443531084902',849,,230,17,0,19 20 21,0,370,,231,17,0,19 20 21,0,300,,232,17,0,19 20 21,0
45701,'02070559307629202a09',959,,233,5,0,63 64,0,360,,234,5,0,63 64,0,419,,235,5,0,63 64,0
45701,'1c42311e025d3b40504f',1738,,236,5,0,63 64,0
45701,'296b622873433b653522',1738,,237,5,0,36 27 31 37,0
45701,'2a08755845643968295b',1738,,238,5,0,63 64,0
45701,'4d7a6615443531084902',959,,239,5,0,63 64,0,360,,240,5,0,63 64,0
45701,'693b6416011017175f3d',1738,,241,6,0,36 27 31 37,0
45701,'725616403949496a5c67',1224,,243,5,0,36 27 31 37,0,4,,244,4,0,66 67,0
