45201,'0646380e515e0e55705d',1740,,131,2,0,68 14 15,0
45201,'172f65311663730f1c1d',1140,,132,6,0,68 14 15,0
45201,'204c681517280a424324',745,,136,1,0,68 14 15,0,200,,137,1,0,68 14 15,0,395,,133,1,0,68 14 15,0,200,,134,1,0,68 14 15,0,410,,135,1,0,68 14 15,0
45201,'2406546d7104722a434c',1227,,138,2,0,71 72,0
45201,'311419515b6b024e4515',1740,,139,6,0,68 14 15,0
45201,'335e221048313e0b4c6e',1740,,140,2,0,71 72,0
45201,'44521d0a5f7630785e17',550,,146,1,0,68 14 15,0,105,,149,1,0,68 14 15,0,285,,150,1,0,68 14 15,0,85,,151,1,0,68 14 15,0,192,,141,2,0,68 14 15,0,123,,142,1,0,68 14 15,0,175,,143,1,0,68 14 15,0,117,,144,2,0,68 14 15,0,98,,145,6,0,68 14 15,0,95,,147,2,0,68 14 15,0,105,,148,1,0,68 14 15,0
45201,'4d7a6615443531084902',820,,152,1,0,65 14 45,0
45201,'7f053522120e29061946',745,,155,1,0,68 14 15,0,200,,156,1,0,68 14 15,0,395,,153,1,0,68 14 15,0,200,,154,1,0,68 14 15,0
45501,'0a2f1e22095132130163',1740,,211,3,0,11 12,0
45501,'2a5b3362091f52630354',815,,214,3,0,33 20,0
45501,'725616403949496a5c67',1225,,217,3,0,11 12,0
45601,'2a5b3362091f52630354',1740,,223,3,0,26 27,0
45601,'725616403949496a5c67',1225,,224,3,0,26 27,0
45701,'02070559307629202a09',948,,233,3,0,63 64,0,360,,234,3,0,63 64,0,420,,235,3,0,63 64,0
45701,'1c42311e025d3b40504f',1728,,236,3,0,63 64,0
45701,'296b622873433b653522',1728,,237,3,0,36 27 31 37,0
45701,'2a08755845643968295b',1728,,238,3,0,63 64,0
45701,'4d7a6615443531084902',948,,239,3,0,63 64,0,360,,240,3,0,63 64,0
45701,'693b6416011017175f3d',1728,,241,3,0,36 27 31 37,0
45701,'725616403949496a5c67',1218,,244,2,0,66 67,0
