45100,'02070559307629202a09',750,,64,13,0,28 12 38,0,390,,61,13,0,28 12 38,0,300,,62,13,0,28 12 38,0,280,,63,13,0,28 12 38,0
45100,'0a2f1e22095132130163',1805,,65,15,0,28 12 38,0
45100,'0d4e3278231744213640',1245,,315,15,0,28 12 38,0,400,,316,14,0,28 12 38,0,295,,317,13,0,28 12 38,0
45100,'184134507f4517151633',900,,319,13,0,28 12 38,0
45100,'1c2e3625233d01453772',1440,,320,13,0,28 12 38,0
45100,'2a08755845643968295b',750,,68,13,0,28 12 38,0,390,,66,13,0,28 12 38,0,580,,67,13,0,28 12 38,0
45100,'2a5b3362091f52630354',725,,75,14,0,39 6 40 41,0,10,,76,14,0,39 6 40 41,0,2,,77,13,0,39 6 40 41,0,83,,78,14,0,28 42 43,0,80,,79,14,0,28 42 43,0,140,,69,13,0,28 12 38,0,205,,70,15,0,28 12 38,0,305,,71,13,0,28 12 38,0,95,,72,14,0,28 12 38,0,100,,73,15,0,28 12 38,0,100,,74,15,0,28 12 38,0
45100,'31744f7e5638320a2d4c',1345,,321,13,0,28 12 38,0
45100,'320823102b697f311363',850,,322,13,0,28 12 38,0
45100,'34470046707605410b09',750,,326,13,0,28 12 38,0,390,,323,13,0,28 12 38,0,300,,324,13,0,28 12 38,0,280,,325,13,0,28 12 38,0
45100,'494a652c1e455e3d7c72',1550,,327,13,0,28 12 38,0
45100,'4d7a6615443531084902',1440,,80,13,0,28 12 38,0
45100,'553d275f1455102c362a',1805,,328,15,0,28 12 38,0
45100,'59737b0d0f044b52693e',750,,331,13,0,28 12 38,0,390,,329,13,0,28 12 38,0,580,,330,13,0,28 12 38,0
45100,'720e2d0f476223047d12',1550,,332,13,0,28 12 38,0
45100,'725616403949496a5c67',1345,,81,13,0,28 12 38,0
45100,'7f443a14596255477616',725,,338,14,0,39 6 40 41,0,10,,339,14,0,39 6 40 41,0,2,,340,13,0,39 6 40 41,0,83,,341,14,0,28 42 43,0,80,,342,14,0,28 42 43,0,140,,333,13,0,28 12 38,0,205,,334,15,0,28 12 38,0,400,,335,14,0,28 12 38,0,100,,336,15,0,28 12 38,0,100,,337,15,0,28 12 38,0
45300,'1c2e3625233d01453772',705,,381,11,0,47 48 49,0,325,,382,11,0,47 48 49,0,280,,383,11,0,47 48 49,0,310,,384,11,0,47 48 49,0
45300,'4d7a6615443531084902',705,,157,11,0,47 48 49,0,325,,158,11,0,47 48 49,0,280,,159,11,0,47 48 49,0,310,,160,11,0,47 48 49,0
