45100,'2a5b3362091f52630354',735,,75,18,0,39 6 40 41,0,12,,77,17,0,39 6 40 41,0
45100,'7f443a14596255477616',735,,338,18,0,39 6 40 41,0,12,,340,17,0,39 6 40 41,0
45101,'0a2f1e22095132130163',1710,,88,1,0,44 14 45 46,0,2,,89,1,0,44 14 45 46,0
45101,'31744f7e5638320a2d4c',1210,,357,1,0,44 14 45 46,0,2,,353,1,0,44 14 45 46,0
45101,'553d275f1455102c362a',1710,,364,1,0,44 14 45 46,0,2,,365,1,0,44 14 45 46,0
45101,'725616403949496a5c67',1210,,106,1,0,44 14 45 46,0,2,,102,1,0,44 14 45 46,0
45400,'0a2f1e22095132130163',1715,,169,3,0,5 22 23 24,0
45400,'31744f7e5638320a2d4c',1225,,398,4,0,5 22 23 24,0
45400,'416039027b4e59137846',1710,,403,3,0,25 20,0
45400,'553d275f1455102c362a',1715,,408,3,0,5 22 23 24,0
45400,'693b6416011017175f3d',1710,,179,3,0,25 20,0
45400,'725616403949496a5c67',1225,,181,4,0,5 22 23 24,0
45401,'2a5b3362091f52630354',739,,195,15,0,28 22 14 15,0
45401,'7f443a14596255477616',739,,437,15,0,28 22 14 15,0
