45500,'02070559307629202a09',925,,200,3,0,5 8 9 10,0,479,,201,3,0,5 8 9 10,0
45500,'112a0b7f332a564f1678',1339,,438,3,0,5 8 9 10,0
45500,'1c2e3625233d01453772',849,,439,3,0,5 8 9 10,0,195,,440,3,0,5 8 9 10,0
45500,'1f5759673f12020b0a50',925,,441,3,0,5 8 9 10,0,479,,442,3,0,5 8 9 10,0
45500,'200a2d69427732221f48',1339,,202,3,0,5 8 9 10,0
45500,'2a5b3362091f52630354',715,,203,1,0,5 6 7,0
45500,'2e1c0e785a2119762825',1339,,205,3,0,5 8 9 10,0
45500,'31744f7e5638320a2d4c',1339,,443,8,0,5 8 9 10,0
45500,'495e5f3d32634b3b5042',1339,,444,3,0,5 8 9 10,0
45500,'4d7a6615443531084902',849,,206,3,0,5 8 9 10,0,195,,207,3,0,5 8 9 10,0
45500,'725616403949496a5c67',1339,,208,8,0,5 8 9 10,0
45500,'7f443a14596255477616',715,,445,1,0,5 6 7,0
45501,'02070559307629202a09',1242,,209,6,0,33 20,0,485,,210,6,0,33 20,0
45501,'0a2f1e22095132130163',1757,,212,5,4,,0
45501,'1c2e3625233d01453772',928,,447,6,0,33 20,0,314,,448,6,0,33 20,0
45501,'1f5759673f12020b0a50',1242,,449,6,0,33 20,0,485,,450,6,0,33 20,0
45501,'2a08755845643968295b',1757,,213,6,0,33 20,0
45501,'2a5b3362091f52630354',832,,214,9,0,33 20,0
45501,'31744f7e5638320a2d4c',1242,,451,9,0,11 12,0,515,,452,6,0,11 12,0
45501,'4d7a6615443531084902',927,,215,6,0,33 20,0,315,,216,6,0,33 20,0
45501,'553d275f1455102c362a',1757,,454,5,4,,0
45501,'59737b0d0f044b52693e',1757,,455,6,0,33 20,0
45501,'725616403949496a5c67',1242,,217,9,0,11 12,0,515,,218,6,0,11 12,0
45501,'7f443a14596255477616',832,,456,9,0,33 20,0
45600,'02070559307629202a09',925,,219,11,0,5 22 23 24,0
45600,'1f5759673f12020b0a50',925,,457,11,0,5 22 23 24,0
45600,'2a5b3362091f52630354',715,,220,11,0,5 6 7,0
45600,'31744f7e5638320a2d4c',1340,,458,11,0,5 6 7,0
45600,'725616403949496a5c67',1340,,221,11,0,5 6 7,0
45600,'7f443a14596255477616',715,,459,11,0,5 6 7,0
45601,'02070559307629202a09',1242,,222,6,0,26 27,0
45601,'1f5759673f12020b0a50',1242,,460,6,0,26 27,0
45601,'2a5b3362091f52630354',1757,,223,9,0,26 27,0
45601,'31744f7e5638320a2d4c',1242,,461,9,0,26 27,0
45601,'725616403949496a5c67',1242,,224,9,0,26 27,0
45601,'7f443a14596255477616',1757,,462,9,0,26 27,0
