45500,'02070559307629202a09',921,,200,1,0,5 8 9 10,0,479,,201,1,0,5 8 9 10,0
45500,'200a2d69427732221f48',1335,,202,1,0,5 8 9 10,0
45500,'2a5b3362091f52630354',711,,204,6,0,5 6 7,0
45500,'2e1c0e785a2119762825',1335,,205,1,0,5 8 9 10,0
45500,'4d7a6615443531084902',845,,206,1,0,5 8 9 10,0,195,,207,1,0,5 8 9 10,0
45500,'725616403949496a5c67',1335,,208,6,0,5 8 9 10,0
45501,'02070559307629202a09',1246,,209,8,4,,0,485,,210,8,4,,0
45501,'0a2f1e22095132130163',1801,,211,11,0,11 12,0
45501,'2a08755845643968295b',1801,,213,8,4,,0
45501,'2a5b3362091f52630354',836,,214,11,4,,0
45501,'4d7a6615443531084902',931,,215,8,4,,0,315,,216,8,4,,0
45501,'725616403949496a5c67',1246,,217,11,0,11 12,0,555,,218,8,0,11 12,0
45600,'02070559307629202a09',921,,219,9,0,5 22 23 24,0
45600,'2a5b3362091f52630354',711,,220,9,0,5 6 7,0
45600,'725616403949496a5c67',1336,,221,9,0,5 6 7,0
45601,'02070559307629202a09',1246,,222,8,0,26 27,0
45601,'2a5b3362091f52630354',1801,,223,11,0,26 27,0
45601,'725616403949496a5c67',1246,,224,11,0,26 27,0
