45000,'0a2f1e22095132130163',1746,,8,12,0,44 14 45 46,0,104,,10,11,0,44 14 45 46,0
45000,'2a5b3362091f52630354',742,,22,10,0,44 14 45 46,0
45000,'31744f7e5638320a2d4c',1246,,262,14,0,44 14 45 46,0
45000,'553d275f1455102c362a',1746,,273,13,0,44 14 45 46,0,104,,275,12,0,44 14 45 46,0
45000,'725616403949496a5c67',1246,,29,13,0,44 14 45 46,0
45000,'7f443a14596255477616',742,,279,12,0,44 14 45 46,0
45001,'0a2f1e22095132130163',1715,,39,9,0,47 20 58 2 59,0
45001,'2a5b3362091f52630354',659,,56,11,0,47 20 58 2 59,0,1098,,55,10,0,47 14 15,0
45001,'31744f7e5638320a2d4c',1225,,298,9,0,47 14 15,0
45001,'494a652c1e455e3d7c72',1757,,306,10,0,47 14 15,0
45001,'553d275f1455102c362a',1715,,307,9,0,47 14 15,0
45001,'725616403949496a5c67',1225,,60,9,0,47 20 58 2 59,0
45001,'7f443a14596255477616',659,,314,11,0,47 73 74,0
