45401,'02070559307629202a09',753,,184,9,0,28 22 14 15,0,458,,185,9,0,28 22 14 15,0,500,,183,9,0,28 22 14 15,0
45401,'075f4276790e1e273655',753,,416,9,0,28 22 14 15,0,458,,417,9,0,28 22 14 15,0,500,,415,9,0,28 22 14 15,0
45401,'0a2f1e22095132130163',1248,,186,8,0,28 22 14 15,0
45401,'0e5131610429337c0530',631,,418,8,0,28 29 30 31 20 32,0
45401,'184134507f4517151633',709,,420,8,0,28 22 14 15,0,539,,419,8,0,28 22 14 15,0
45401,'1c2e3625233d01453772',833,,421,8,0,28 22 14 15,0
45401,'2a08755845643968295b',709,,190,9,0,28 22 14 15,0,502,,191,9,0,28 22 14 15,0,192,,187,8,0,28 22 14 15,0,208,,188,9,0,28 22 14 15,0,190,,189,8,0,28 29 30 31 20 32,0
45401,'2a5b3362091f52630354',709,,195,8,0,28 22 14 15,0,714,,192,8,0,28 22 14 15,0,188,,193,8,0,28 22 14 15,0,200,,194,10,0,28 29 30 31 20 32,0
45401,'31744f7e5638320a2d4c',1254,,422,10,0,28 22 14 15,0
45401,'320823102b697f311363',753,,425,8,0,28 22 14 15,0,458,,423,8,0,28 22 14 15,0,500,,424,8,0,28 22 14 15,0
45401,'416039027b4e59137846',1816,,427,10,0,28 29 30 31 20 32,0
45401,'494a652c1e455e3d7c72',1423,,428,8,0,28 22 14 15,0,188,,429,8,0,28 22 14 15,0
45401,'4d7a6615443531084902',833,,196,8,0,28 22 14 15,0
45401,'553d275f1455102c362a',1248,,430,8,0,28 22 14 15,0
45401,'59737b0d0f044b52693e',1801,,431,8,0,28 29 30 31 20 32,0
45401,'693b6416011017175f3d',1816,,198,10,0,28 29 30 31 20 32,0
45401,'725616403949496a5c67',1254,,199,10,0,28 22 14 15,0
45401,'7c40501f37807a467b28',709,,434,9,0,28 22 14 15,0,502,,435,9,0,28 22 14 15,0,192,,432,8,0,28 22 14 15,0,208,,433,9,0,28 22 14 15,0
45401,'7f443a14596255477616',709,,437,8,0,28 22 14 15,0,1102,,436,10,0,28 29 30 31 20 32,0
