45201,'172f65311663730f1c1d',1100,,132,3,0,68 14 15,0
45201,'311419515b6b024e4515',1703,,139,3,0,68 14 15,0
45201,'44521d0a5f7630785e17',1653,,145,3,0,68 14 15,0
45701,'02070559307629202a09',1027,,233,12,0,63 64,0,320,,234,12,0,63 64,0,461,,235,12,0,63 64,0
45701,'06693a797f7b73176b39',1808,,471,12,0,63 64,0
45701,'075f4276790e1e273655',1027,,472,12,0,63 64,0,320,,473,12,0,63 64,0,461,,474,12,0,63 64,0
45701,'1c2e3625233d01453772',1027,,475,12,0,63 64,0,320,,476,12,0,63 64,0
45701,'1c42311e025d3b40504f',1808,,236,12,0,63 64,0
45701,'2a08755845643968295b',1808,,238,12,0,63 64,0
45701,'416039027b4e59137846',1808,,480,13,0,63 64,0
45701,'4d7a6615443531084902',1027,,239,12,0,63 64,0,320,,240,12,0,63 64,0
45701,'59737b0d0f044b52693e',1808,,482,12,0,63 64,0
45701,'693b6416011017175f3d',1808,,242,13,0,63 64,0
