45401,'02070559307629202a09',803,,184,12,0,28 22 14 15,0,421,,185,12,0,28 22 14 15,0,499,,183,12,0,28 22 14 15,0
45401,'075f4276790e1e273655',802,,416,12,0,28 22 14 15,0,422,,417,12,0,28 22 14 15,0,498,,415,12,0,28 22 14 15,0
45401,'0a2f1e22095132130163',1258,,186,11,0,28 22 14 15,0
45401,'0e5131610429337c0530',641,,418,11,0,28 29 30 31 20 32,0
45401,'184134507f4517151633',718,,420,11,0,28 22 14 15,0,539,,419,11,0,28 22 14 15,0
45401,'1c2e3625233d01453772',842,,421,11,0,28 22 14 15,0
45401,'2a08755845643968295b',719,,190,12,0,28 22 14 15,0,505,,191,12,0,28 22 14 15,0,189,,187,11,0,28 22 14 15,0,211,,188,12,0,28 22 14 15,0,189,,189,11,0,28 29 30 31 20 32,0
45401,'2a5b3362091f52630354',719,,195,11,0,28 22 14 15,0,714,,192,11,0,28 22 14 15,0,191,,193,11,0,28 22 14 15,0,199,,194,13,0,28 29 30 31 20 32,0
45401,'31744f7e5638320a2d4c',1307,,422,13,0,28 22 14 15,0
45401,'320823102b697f311363',802,,425,11,0,28 22 14 15,0,422,,423,11,0,28 22 14 15,0,498,,424,11,0,28 22 14 15,0
45401,'416039027b4e59137846',1827,,427,13,0,28 29 30 31 20 32,0
45401,'494a652c1e455e3d7c72',1432,,428,11,0,28 22 14 15,0,192,,429,11,0,28 22 14 15,0
45401,'4d7a6615443531084902',843,,196,11,0,28 22 14 15,0
45401,'553d275f1455102c362a',1257,,430,11,0,28 22 14 15,0
45401,'59737b0d0f044b52693e',1812,,431,11,0,28 29 30 31 20 32,0
45401,'693b6416011017175f3d',1828,,198,13,0,28 29 30 31 20 32,0
45401,'725616403949496a5c67',1307,,199,13,0,28 22 14 15,0
45401,'7c40501f37807a467b28',718,,434,12,0,28 22 14 15,0,506,,435,12,0,28 22 14 15,0,188,,432,11,0,28 22 14 15,0,212,,433,12,0,28 22 14 15,0
45401,'7f443a14596255477616',718,,437,11,0,28 22 14 15,0,1104,,436,13,0,28 29 30 31 20 32,0
