45101,'02070559307629202a09',928,,85,4,0,44 14 45 46,0,295,,82,4,0,44 14 45 46,0,300,,83,4,0,44 14 45 46,0,285,,84,4,0,44 14 45 46,0
45101,'06693a797f7b73176b39',1836,,343,6,0,44 14 45 46,0
45101,'075f4276790e1e273655',1808,,344,4,0,44 14 45 46,0
45101,'0a2f1e22095132130163',1223,,86,4,0,44 14 45 46,0,395,,87,5,0,44 14 45 46,0,120,,88,6,0,44 14 45 46,0,2,,89,6,0,44 14 45 46,0,76,,90,6,0,44 14 45 46,0
45101,'0d4e3278231744213640',708,,346,5,0,44 14 45 46,0,600,,345,4,0,44 14 45 46,0,415,,347,4,0,44 14 45 46,0
45101,'184134507f4517151633',1648,,348,5,0,44 14 45 46,0,168,,349,6,0,44 14 45 46,0
45101,'1c2e3625233d01453772',928,,351,4,0,44 14 45 46,0,595,,350,4,0,44 14 45 46,0
45101,'1c42311e025d3b40504f',1836,,91,6,0,44 14 45 46,0
45101,'1f5759673f12020b0a50',928,,352,4,0,44 14 45 46,0
45101,'2a08755845643968295b',1223,,92,4,0,44 14 45 46,0,585,,93,4,0,44 14 45 46,0
45101,'2a5b3362091f52630354',708,,95,5,0,44 14 45 46,0,40,,96,5,0,44 14 45 46,0,75,,97,4,0,44 14 45 46,0,15,,98,4,0,44 14 45 46,0,470,,94,4,0,44 14 45 46,0
45101,'31744f7e5638320a2d4c',1235,,357,7,0,44 14 45 46,0,15,,353,7,0,44 14 45 46,0,368,,354,4,0,44 14 45 46,0,110,,355,4,0,44 14 45 46,0,75,,356,4,0,44 14 45 46,0
45101,'34470046707605410b09',1223,,358,4,0,44 14 45 46,0,300,,359,4,0,44 14 45 46,0
45101,'416039027b4e59137846',1911,,360,6,0,44 14 45 46,0
45101,'494a652c1e455e3d7c72',823,,361,4,0,44 14 45 46,0
45101,'4d7a6615443531084902',928,,100,4,0,44 14 45 46,0,595,,99,4,0,44 14 45 46,0
45101,'553d275f1455102c362a',1223,,362,4,0,44 14 45 46,0,395,,363,5,0,44 14 45 46,0,120,,364,6,0,44 14 45 46,0,2,,365,6,0,44 14 45 46,0,76,,366,6,0,44 14 45 46,0
45101,'59737b0d0f044b52693e',1223,,367,4,0,44 14 45 46,0
45101,'693b6416011017175f3d',1911,,101,6,0,44 14 45 46,0
45101,'720e2d0f476223047d12',823,,370,4,0,44 14 45 46,0,825,,368,5,0,44 14 45 46,0,168,,369,5,0,44 14 45 46,0
45101,'725616403949496a5c67',1243,,106,7,0,44 14 45 46,0,7,,102,7,0,44 14 45 46,0,368,,103,4,0,44 14 45 46,0,110,,104,4,0,44 14 45 46,0,75,,105,4,0,44 14 45 46,0
45101,'7c40501f37807a467b28',1808,,371,4,0,44 14 45 46,0
45101,'7f443a14596255477616',708,,373,5,0,44 14 45 46,0,40,,374,5,0,44 14 45 46,0,90,,375,4,0,44 14 45 46,0,470,,372,4,0,44 14 45 46,0
45301,'1c2e3625233d01453772',901,,385,20,0,50 51 52 53,0,324,,386,20,0,50 51 52 53,0,301,,387,20,0,50 51 52 53,0,300,,388,20,0,50 51 52 53,0
45301,'4d7a6615443531084902',901,,161,20,0,50 51 52 53,0,326,,162,20,0,50 51 52 53,0,299,,163,20,0,50 51 52 53,0,300,,164,20,0,50 51 52 53,0
