45000,'0a2f1e22095132130163',1732,,8,5,0,44 14 45 46,0,100,,10,4,0,44 14 45 46,0
45000,'2a5b3362091f52630354',722,,22,3,0,44 14 45 46,0
45000,'31744f7e5638320a2d4c',1232,,262,7,0,44 14 45 46,0
45000,'553d275f1455102c362a',1732,,273,6,0,44 14 45 46,0,100,,275,5,0,44 14 45 46,0
45000,'725616403949496a5c67',1232,,29,6,0,44 14 45 46,0
45000,'7f443a14596255477616',722,,279,5,0,44 14 45 46,0
45001,'0a2f1e22095132130163',1735,,39,16,0,47 20 58 2 59,0
45001,'2a5b3362091f52630354',714,,56,17,0,47 20 58 2 59,0,9,,51,15,0,47 60 61 62,0
45001,'31744f7e5638320a2d4c',1245,,298,16,0,47 14 15,0
45001,'553d275f1455102c362a',1735,,307,16,0,47 14 15,0
45001,'725616403949496a5c67',1245,,60,16,0,47 20 58 2 59,0
45001,'7f443a14596255477616',714,,314,17,0,47 73 74,0,9,,312,14,0,47 60 61 62,0
