45600,'02070559307629202a09',906,,219,3,0,5 22 23 24,0
45600,'1f5759673f12020b0a50',906,,457,3,0,5 22 23 24,0
45600,'2a5b3362091f52630354',656,,220,3,0,5 6 7,0
45600,'31744f7e5638320a2d4c',1321,,458,3,0,5 6 7,0
45600,'725616403949496a5c67',1321,,221,3,0,5 6 7,0
45600,'7f443a14596255477616',656,,459,3,0,5 6 7,0
45601,'02070559307629202a09',1302,,222,14,0,26 27,0
45601,'1f5759673f12020b0a50',1302,,460,14,0,26 27,0
45601,'2a5b3362091f52630354',1817,,223,17,0,26 27,0
45601,'31744f7e5638320a2d4c',1302,,461,17,0,26 27,0
45601,'725616403949496a5c67',1302,,224,17,0,26 27,0
45601,'7f443a14596255477616',1817,,462,17,0,26 27,0
