45001,'02070559307629202a09',756,,37,11,0,47 14 15,0,375,,32,11,0,47 14 15,0,205,,33,11,0,47 14 15,0,265,,34,12,0,47 14 15,0,245,,36,12,0,47 14 15,0
45001,'075f4276790e1e273655',1131,,280,11,0,47 14 15,0,470,,281,12,0,47 14 15,0,245,,283,12,0,47 14 15,0
45001,'0a2f1e22095132130163',1733,,39,15,0,47 20 58 2 59,0
45001,'0c4d4a5702287833722f',1054,,287,11,0,47 14 15,0,547,,285,11,0,47 14 15,0,400,,286,11,0,47 14 15,0
45001,'1a20552b5a400f716a1b',846,,46,11,0,47 14 15,0,285,,41,11,0,47 14 15,0,205,,42,11,0,47 14 15,0,265,,43,12,0,47 14 15,0,400,,45,12,0,47 14 15,0
45001,'1c2e3625233d01453772',821,,290,11,0,47 14 15,0,435,,288,11,0,47 14 15,0,695,,289,12,0,47 14 15,0
45001,'1f5759673f12020b0a50',756,,292,11,0,47 14 15,0,580,,291,11,0,47 14 15,0
45001,'20705f6f6c1d470f2a10',1131,,294,11,0,47 14 15,0,470,,295,12,0,47 14 15,0,400,,297,12,0,47 14 15,0
45001,'2a08755845643968295b',711,,50,11,0,47 14 15,0,420,,47,11,0,47 14 15,0,325,,48,12,0,47 14 15,0,260,,49,12,0,47 14 15,0
45001,'2a5b3362091f52630354',646,,53,11,0,47 14 15,0,66,,56,16,0,47 20 58 2 59,0,9,,51,14,0,47 60 61 62,0,480,,52,11,0,47 14 15,0,255,,54,11,0,47 14 15,0,350,,55,14,0,47 14 15,0
45001,'31744f7e5638320a2d4c',1242,,298,15,0,47 14 15,0
45001,'320823102b697f311363',1054,,301,11,0,47 14 15,0,547,,299,11,0,47 14 15,0,245,,300,11,0,47 14 15,0
45001,'3823594e52252d7f6b14',846,,303,11,0,47 14 15,0,490,,302,11,0,47 14 15,0
45001,'494a652c1e455e3d7c72',1201,,304,11,0,47 14 15,0,255,,305,11,0,47 14 15,0,350,,306,14,0,47 14 15,0
45001,'4d7a6615443531084902',821,,59,11,0,47 14 15,0,435,,57,11,0,47 14 15,0,695,,58,12,0,47 14 15,0
45001,'553d275f1455102c362a',1733,,307,15,0,47 14 15,0
45001,'59737b0d0f044b52693e',711,,308,11,0,47 14 15,0
45001,'725616403949496a5c67',1242,,60,15,0,47 20 58 2 59,0
45001,'7c40501f37807a467b28',1131,,309,11,0,47 14 15,0,325,,310,12,0,47 14 15,0,260,,311,12,0,47 14 15,0
45001,'7f443a14596255477616',646,,313,11,0,47 14 15,0,66,,314,16,0,47 73 74,0,9,,312,13,0,47 60 61 62,0
