45000,'02070559307629202a09',950,,6,10,0,54 55,0,290,,1,10,0,54 55,0,210,,2,10,0,44 14 45 46,0,255,,4,10,0,44 14 45 46,0,245,,5,10,0,44 14 45 46,0
45000,'075f4276790e1e273655',950,,247,12,0,54 55,0,290,,245,12,0,54 55,0
45000,'0a2f1e22095132130163',1757,,9,8,0,44 14 45 46,0,53,,8,18,0,44 14 45 46,0,104,,10,18,0,44 14 45 46,0
45000,'0c4d4a5702287833722f',950,,250,12,0,44 14 45 46,0,290,,249,12,0,44 14 45 46,0
45000,'1a20552b5a400f716a1b',950,,16,10,0,54 55,0,290,,11,10,0,54 55,0,210,,12,10,0,44 14 45 46,0,295,,14,10,0,44 14 45 46,0,359,,15,10,0,44 14 45 46,0
45000,'1c2e3625233d01453772',1145,,251,12,0,44 14 45 46,0,670,,252,12,0,44 14 45 46,0,130,,253,12,0,44 14 45 46,0,160,,254,12,0,44 14 45 46,0
45000,'1f5759673f12020b0a50',1450,,255,12,0,44 14 45 46,0,255,,256,12,0,44 14 45 46,0,245,,257,12,0,44 14 45 46,0
45000,'20705f6f6c1d470f2a10',950,,260,12,0,54 55,0,290,,258,12,0,54 55,0
45000,'2a08755845643968295b',915,,20,10,0,54 55,0,325,,18,10,0,54 55,0,210,,19,10,0,44 14 45 46,0
45000,'2a5b3362091f52630354',809,,22,17,0,44 14 45 46,0,36,,24,10,0,44 56 57,0,460,,21,10,0,44 14 45 46,0,340,,23,10,0,44 14 45 46,0
45000,'31744f7e5638320a2d4c',1257,,263,9,0,44 14 45 46,0,53,,262,20,0,44 14 45 46,0,105,,264,12,0,44 14 45 46,0
45000,'320823102b697f311363',950,,266,12,0,44 14 45 46,0,290,,265,12,0,44 14 45 46,0
45000,'3823594e52252d7f6b14',1450,,267,12,0,44 14 45 46,0,295,,268,12,0,44 14 45 46,0,360,,269,10,0,44 14 45 46,0
45000,'494a652c1e455e3d7c72',845,,272,12,0,44 56 57,0,460,,270,12,0,44 14 45 46,0,340,,271,12,0,44 14 45 46,0
45000,'4d7a6615443531084902',1145,,25,10,0,44 14 45 46,0,670,,26,10,0,44 14 45 46,0,130,,27,10,0,44 14 45 46,0,159,,28,10,0,44 14 45 46,0
45000,'553d275f1455102c362a',1757,,274,9,0,44 14 45 46,0,53,,273,19,0,44 14 45 46,0,104,,275,19,0,44 14 45 46,0
45000,'725616403949496a5c67',1257,,30,8,0,44 14 45 46,0,53,,29,19,0,44 14 45 46,0,105,,31,10,0,44 14 45 46,0
45000,'7c40501f37807a467b28',915,,278,12,0,54 55,0,325,,276,12,0,54 55,0,210,,277,12,0,44 14 45 46,0
45000,'7f443a14596255477616',809,,279,19,0,44 14 45 46,0
