45000,'075f4276790e1e273655',907,,247,2,0,54 55,0,250,,245,2,0,54 55,0
45000,'0c4d4a5702287833722f',907,,250,2,0,44 14 45 46,0,250,,249,2,0,44 14 45 46,0
45000,'1c2e3625233d01453772',1102,,251,2,0,44 14 45 46,0,630,,252,2,0,44 14 45 46,0,170,,253,2,0,44 14 45 46,0,125,,254,2,0,44 14 45 46,0
45000,'1f5759673f12020b0a50',1408,,255,2,0,44 14 45 46,0,215,,256,2,0,44 14 45 46,0,285,,257,2,0,44 14 45 46,0
45000,'20705f6f6c1d470f2a10',907,,260,2,0,54 55,0,250,,258,2,0,54 55,0
45000,'31744f7e5638320a2d4c',1218,,263,3,0,44 14 45 46,0,5,,262,4,0,44 14 45 46,0,109,,264,2,0,44 14 45 46,0
45000,'320823102b697f311363',907,,266,2,0,44 14 45 46,0,250,,265,2,0,44 14 45 46,0
45000,'3823594e52252d7f6b14',1408,,267,2,0,44 14 45 46,0,294,,268,2,0,44 14 45 46,0
45000,'494a652c1e455e3d7c72',802,,272,2,0,44 56 57,0,420,,270,2,0,44 14 45 46,0,380,,271,2,0,44 14 45 46,0
45000,'553d275f1455102c362a',1718,,274,3,0,44 14 45 46,0,5,,273,3,0,44 14 45 46,0,100,,275,2,0,44 14 45 46,0
45000,'7c40501f37807a467b28',832,,278,2,0,54 55,0,325,,276,2,0,54 55,0,251,,277,2,0,44 14 45 46,0
45000,'7f443a14596255477616',712,,279,2,0,44 14 45 46,0
45001,'075f4276790e1e273655',1143,,280,14,0,47 14 15,0,470,,281,15,0,47 14 15,0,245,,283,15,0,47 14 15,0
45001,'0c4d4a5702287833722f',1106,,287,14,0,47 14 15,0,507,,285,14,0,47 14 15,0
45001,'1c2e3625233d01453772',833,,290,14,0,47 14 15,0,475,,288,14,0,47 14 15,0,695,,289,15,0,47 14 15,0
45001,'1f5759673f12020b0a50',808,,292,14,0,47 14 15,0,540,,291,14,0,47 14 15,0
45001,'20705f6f6c1d470f2a10',1143,,294,14,0,47 14 15,0,470,,295,15,0,47 14 15,0,398,,297,15,0,47 14 15,0
45001,'31744f7e5638320a2d4c',1256,,298,19,0,47 14 15,0
45001,'320823102b697f311363',1106,,301,14,0,47 14 15,0,507,,299,14,0,47 14 15,0,245,,300,14,0,47 14 15,0
45001,'3823594e52252d7f6b14',858,,303,14,0,47 14 15,0,490,,302,14,0,47 14 15,0
45001,'494a652c1e455e3d7c72',1213,,304,14,0,47 14 15,0,295,,305,14,0,47 14 15,0,310,,306,17,0,47 14 15,0
45001,'553d275f1455102c362a',1746,,307,19,0,47 14 15,0
45001,'7c40501f37807a467b28',1143,,309,14,0,47 14 15,0,365,,310,15,0,47 14 15,0,220,,311,15,0,47 14 15,0
45001,'7f443a14596255477616',741,,312,16,0,47 60 61 62,0
