45401,'02070559307629202a09',722,,184,3,0,28 22 14 15,0,425,,185,3,0,28 22 14 15,0,495,,183,3,0,28 22 14 15,0
45401,'075f4276790e1e273655',722,,416,3,0,28 22 14 15,0,425,,417,3,0,28 22 14 15,0,495,,415,3,0,28 22 14 15,0
45401,'0a2f1e22095132130163',1217,,186,2,0,28 22 14 15,0
45401,'184134507f4517151633',638,,420,2,0,28 22 14 15,0,579,,419,2,0,28 22 14 15,0
45401,'1c2e3625233d01453772',802,,421,2,0,28 22 14 15,0
45401,'2a08755845643968295b',638,,190,3,0,28 22 14 15,0,509,,191,3,0,28 22 14 15,0,185,,187,2,0,28 22 14 15,0,215,,188,3,0,28 22 14 15,0,185,,189,2,0,28 29 30 31 20 32,0
45401,'2a5b3362091f52630354',638,,195,2,0,28 22 14 15,0,714,,192,2,0,28 22 14 15,0,195,,193,2,0,28 22 14 15,0
45401,'320823102b697f311363',722,,425,2,0,28 22 14 15,0,425,,423,2,0,28 22 14 15,0,495,,424,2,0,28 22 14 15,0
45401,'494a652c1e455e3d7c72',1352,,428,2,0,28 22 14 15,0,195,,429,2,0,28 22 14 15,0
45401,'4d7a6615443531084902',802,,196,2,0,28 22 14 15,0
45401,'553d275f1455102c362a',1217,,430,2,0,28 22 14 15,0
45401,'59737b0d0f044b52693e',1732,,431,2,0,28 29 30 31 20 32,0
45401,'7c40501f37807a467b28',638,,434,3,0,28 22 14 15,0,509,,435,3,0,28 22 14 15,0,185,,432,2,0,28 22 14 15,0,215,,433,3,0,28 22 14 15,0
45401,'7f443a14596255477616',638,,437,2,0,28 22 14 15,0
