45101,'02070559307629202a09',940,,85,10,0,44 14 45 46,0,295,,82,10,0,44 14 45 46,0,300,,83,10,0,44 14 45 46,0,285,,84,10,0,44 14 45 46,0
45101,'06693a797f7b73176b39',1845,,343,12,0,44 14 45 46,0
45101,'075f4276790e1e273655',1820,,344,10,0,44 14 45 46,0
45101,'0a2f1e22095132130163',1235,,86,10,0,44 14 45 46,0,395,,87,11,0,44 14 45 46,0,120,,88,12,0,44 14 45 46,0,2,,89,12,0,44 14 45 46,0,73,,90,12,0,44 14 45 46,0
45101,'0d4e3278231744213640',720,,346,11,0,44 14 45 46,0,600,,345,10,0,44 14 45 46,0,415,,347,10,0,44 14 45 46,0
45101,'184134507f4517151633',1700,,348,11,0,44 14 45 46,0,125,,349,12,0,44 14 45 46,0
45101,'1c2e3625233d01453772',940,,351,10,0,44 14 45 46,0,595,,350,10,0,44 14 45 46,0
45101,'1c42311e025d3b40504f',1845,,91,12,0,44 14 45 46,0
45101,'1f5759673f12020b0a50',940,,352,10,0,44 14 45 46,0
45101,'2a08755845643968295b',1235,,92,10,0,44 14 45 46,0,585,,93,10,0,44 14 45 46,0
45101,'2a5b3362091f52630354',720,,95,11,0,44 14 45 46,0,80,,96,11,0,44 14 45 46,0,35,,97,10,0,44 14 45 46,0,15,,98,10,0,44 14 45 46,0,470,,94,10,0,44 14 45 46,0
45101,'31744f7e5638320a2d4c',1246,,357,13,0,44 14 45 46,0,56,,353,13,0,44 14 45 46,0,328,,354,10,0,44 14 45 46,0,110,,355,10,0,44 14 45 46,0,75,,356,10,0,44 14 45 46,0
45101,'34470046707605410b09',1235,,358,10,0,44 14 45 46,0,300,,359,10,0,44 14 45 46,0
45101,'416039027b4e59137846',1921,,360,12,0,44 14 45 46,0
45101,'494a652c1e455e3d7c72',835,,361,10,0,44 14 45 46,0
45101,'4d7a6615443531084902',940,,100,10,0,44 14 45 46,0,595,,99,10,0,44 14 45 46,0
45101,'553d275f1455102c362a',1235,,362,10,0,44 14 45 46,0,395,,363,11,0,44 14 45 46,0,120,,364,12,0,44 14 45 46,0,2,,365,12,0,44 14 45 46,0,73,,366,12,0,44 14 45 46,0
45101,'59737b0d0f044b52693e',1235,,367,10,0,44 14 45 46,0
45101,'693b6416011017175f3d',1921,,101,12,0,44 14 45 46,0
45101,'720e2d0f476223047d12',835,,370,10,0,44 14 45 46,0,865,,368,11,0,44 14 45 46,0,125,,369,11,0,44 14 45 46,0
45101,'725616403949496a5c67',1250,,106,13,0,44 14 45 46,0,52,,102,13,0,44 14 45 46,0,328,,103,10,0,44 14 45 46,0,110,,104,10,0,44 14 45 46,0,75,,105,10,0,44 14 45 46,0
45101,'7c40501f37807a467b28',1820,,371,10,0,44 14 45 46,0
45101,'7f443a14596255477616',720,,373,11,0,44 14 45 46,0,80,,374,11,0,44 14 45 46,0,50,,375,10,0,44 14 45 46,0,470,,372,10,0,44 14 45 46,0
