45300,'1c2e3625233d01453772',715,,381,13,0,47 48 49,0,325,,382,13,0,47 48 49,0,280,,383,13,0,47 48 49,0,310,,384,13,0,47 48 49,0
45300,'4d7a6615443531084902',715,,157,13,0,47 48 49,0,325,,158,13,0,47 48 49,0,280,,159,13,0,47 48 49,0,310,,160,13,0,47 48 49,0
45400,'02070559307629202a09',824,,167,1,0,19 20 21,0,476,,165,1,0,19 20 21,0,443,,166,1,0,19 20 21,0
45400,'075f4276790e1e273655',824,,391,1,0,19 20 21,0,476,,389,1,0,19 20 21,0,443,,390,1,0,19 20 21,0
45400,'0a2f1e22095132130163',1210,,168,1,0,5 22 23 24,0,495,,169,1,0,5 22 23 24,0
45400,'184134507f4517151633',1210,,395,1,0,5 22 23 24,0,495,,396,1,0,5 22 23 24,0
45400,'1c2e3625233d01453772',1605,,397,1,0,5 22 23 24,0
45400,'2a08755845643968295b',645,,173,1,0,5 22 23 24,0,160,,174,1,0,19 20 21,0,335,,170,1,0,5 22 23 24,0,160,,171,1,0,19 20 21,0,405,,172,1,0,19 20 21,0
45400,'2a5b3362091f52630354',645,,176,1,0,5 22 23 24,0,160,,177,1,0,5 22 23 24,0,535,,175,1,0,5 22 23 24,0
45400,'31744f7e5638320a2d4c',1210,,398,1,0,5 22 23 24,0,495,,399,1,0,5 22 23 24,0
45400,'320823102b697f311363',824,,402,1,0,5 22 23 24,0,476,,400,1,0,5 22 23 24,0,443,,401,1,0,5 22 23 24,0
45400,'416039027b4e59137846',1700,,403,1,0,25 20,0
45400,'494a652c1e455e3d7c72',805,,406,1,0,5 22 23 24,0,535,,405,1,0,5 22 23 24,0
45400,'4d7a6615443531084902',1605,,178,1,0,5 22 23 24,0
45400,'553d275f1455102c362a',1210,,407,1,0,5 22 23 24,0,495,,408,1,0,5 22 23 24,0
45400,'59737b0d0f044b52693e',645,,409,1,0,5 22 23 24,0
45400,'693b6416011017175f3d',1700,,179,1,0,25 20,0
45400,'725616403949496a5c67',1210,,181,1,0,5 22 23 24,0,495,,182,1,0,5 22 23 24,0
45400,'7c40501f37807a467b28',805,,413,1,0,19 20 21,0,335,,410,1,0,5 22 23 24,0,160,,411,1,0,19 20 21,0,405,,412,1,0,19 20 21,0
45400,'7f443a14596255477616',645,,414,1,0,5 22 23 24,0
45401,'02070559307629202a09',823,,184,16,4,,0,425,,185,16,4,,0,495,,183,16,4,,0
45401,'075f4276790e1e273655',823,,416,16,4,,0,425,,417,16,4,,0,495,,415,16,4,,0
45401,'0a2f1e22095132130163',1318,,186,15,4,,0
45401,'184134507f4517151633',749,,420,15,4,,0,569,,419,15,4,,0
45401,'1c2e3625233d01453772',903,,421,15,4,,0
45401,'2a08755845643968295b',749,,190,16,4,,0,499,,191,16,4,,0,185,,187,15,4,,0,215,,188,16,4,,0
45401,'2a5b3362091f52630354',749,,195,17,4,,0,704,,192,15,4,,0,195,,193,15,4,,0
45401,'31744f7e5638320a2d4c',1331,,422,18,4,,0
45401,'320823102b697f311363',823,,425,15,4,,0,425,,423,15,4,,0,495,,424,15,4,,0
45401,'494a652c1e455e3d7c72',1453,,428,15,4,,0,195,,429,15,4,,0
45401,'4d7a6615443531084902',903,,196,15,4,,0
45401,'553d275f1455102c362a',1318,,430,15,4,,0
45401,'725616403949496a5c67',1331,,199,18,4,,0
45401,'7c40501f37807a467b28',749,,434,16,4,,0,499,,435,16,4,,0,185,,432,15,4,,0,215,,433,16,4,,0
45401,'7f443a14596255477616',749,,437,17,4,,0
