45200,'09723e564c7f765c2a4d',735,,107,8,0,5 69 70,0
45200,'172f65311663730f1c1d',1340,,108,17,0,63 64,0
45200,'1c1c0f437079497b5e2b',802,,376,17,0,5 6 7,0
45200,'1c2e3625233d01453772',1800,,377,26,4,,0
45200,'204c681517280a424324',1140,,113,17,4,,0,400,,109,17,4,,0,200,,110,17,4,,0,200,,111,17,4,,0,190,,112,17,4,,0
45200,'311419515b6b024e4515',940,,114,17,0,63 64,0
45200,'44521d0a5f7630785e17',810,,122,17,0,63 64,0,35,,123,17,0,5 6 7,0,295,,124,17,4,,0,70,,125,17,4,,0,220,,115,17,4,,0,110,,116,17,4,,0,110,,117,17,4,,0,185,,118,17,4,,0,95,,119,17,4,,0,75,,120,17,4,,0,115,,121,17,4,,0
45200,'4d7a6615443531084902',1800,,126,26,4,,0
45200,'7f053522120e29061946',1140,,130,17,4,,0,400,,127,17,4,,0,200,,128,17,4,,0,200,,129,17,4,,0
45500,'02070559307629202a09',946,,200,9,4,,0,479,,201,9,4,,0
45500,'112a0b7f332a564f1678',1400,,438,9,4,,0
45500,'1c2e3625233d01453772',910,,439,9,4,,0,195,,440,9,4,,0
45500,'1f5759673f12020b0a50',946,,441,9,4,,0,479,,442,9,4,,0
45500,'200a2d69427732221f48',1400,,202,9,4,,0
45500,'2a5b3362091f52630354',736,,203,7,0,5 6 7,0
45500,'2e1c0e785a2119762825',1400,,205,9,4,,0
45500,'31744f7e5638320a2d4c',1400,,443,14,4,,0
45500,'495e5f3d32634b3b5042',1400,,444,9,4,,0
45500,'4d7a6615443531084902',910,,206,9,4,,0,195,,207,9,4,,0
45500,'725616403949496a5c67',1400,,208,14,4,,0
45500,'7f443a14596255477616',736,,445,7,0,5 6 7,0
45600,'2a5b3362091f52630354',736,,220,17,0,5 6 7,0
45600,'31744f7e5638320a2d4c',1401,,458,17,0,5 6 7,0
45600,'725616403949496a5c67',1401,,221,17,0,5 6 7,0
45600,'7f443a14596255477616',736,,459,17,0,5 6 7,0
45700,'02070559307629202a09',858,,225,19,0,19 20 21,0,370,,226,19,0,19 20 21,0,300,,227,19,0,19 20 21,0
45700,'075f4276790e1e273655',858,,463,19,0,19 20 21,0,370,,464,19,0,19 20 21,0,300,,465,19,0,19 20 21,0
45700,'1c2e3625233d01453772',858,,466,19,0,19 20 21,0,370,,467,19,0,19 20 21,0,300,,468,19,0,19 20 21,0
45700,'2a5b3362091f52630354',743,,229,5,0,5 22 23 24,0
45700,'4d7a6615443531084902',858,,230,19,0,19 20 21,0,370,,231,19,0,19 20 21,0,300,,232,19,0,19 20 21,0
45700,'7f443a14596255477616',743,,470,5,0,5 22 23 24,0
