45400,'02070559307629202a09',843,,167,4,0,19 20 21,0,476,,165,4,0,19 20 21,0,483,,166,4,0,19 20 21,0
45400,'075f4276790e1e273655',841,,391,4,0,19 20 21,0,476,,389,4,0,19 20 21,0,439,,390,4,0,19 20 21,0
45400,'0a2f1e22095132130163',1227,,168,4,0,5 22 23 24,0,511,,169,6,0,5 22 23 24,0
45400,'0e5131610429337c0530',658,,393,4,0,5 22 23 24,0
45400,'184134507f4517151633',1227,,395,4,0,5 22 23 24,0,491,,396,4,0,5 22 23 24,0
45400,'1c2e3625233d01453772',1622,,397,4,0,5 22 23 24,0
45400,'2a08755845643968295b',659,,173,4,0,5 22 23 24,0,160,,174,4,0,19 20 21,0,338,,170,4,0,5 22 23 24,0,162,,171,4,0,19 20 21,0,405,,172,4,0,19 20 21,0
45400,'2a5b3362091f52630354',659,,176,4,0,5 22 23 24,0,160,,177,4,0,5 22 23 24,0,535,,175,4,0,5 22 23 24,0
45400,'31744f7e5638320a2d4c',1247,,398,7,0,5 22 23 24,0,471,,399,4,0,5 22 23 24,0
45400,'320823102b697f311363',841,,402,4,0,5 22 23 24,0,476,,400,4,0,5 22 23 24,0,439,,401,4,0,5 22 23 24,0
45400,'416039027b4e59137846',1735,,403,6,0,25 20,0,173,,404,3,0,5 22 23 24,0
45400,'494a652c1e455e3d7c72',817,,406,4,0,5 22 23 24,0,535,,405,4,0,5 22 23 24,0
45400,'4d7a6615443531084902',1622,,178,4,0,5 22 23 24,0
45400,'553d275f1455102c362a',1227,,407,4,0,5 22 23 24,0,511,,408,6,0,5 22 23 24,0
45400,'59737b0d0f044b52693e',657,,409,4,0,5 22 23 24,0
45400,'693b6416011017175f3d',1735,,179,6,0,25 20,0,173,,180,3,0,5 22 23 24,0
45400,'725616403949496a5c67',1247,,181,7,0,5 22 23 24,0,477,,182,4,0,5 22 23 24,0
45400,'7c40501f37807a467b28',817,,413,4,0,19 20 21,0,340,,410,4,0,5 22 23 24,0,160,,411,4,0,19 20 21,0,401,,412,4,0,19 20 21,0
45400,'7f443a14596255477616',657,,414,4,0,5 22 23 24,0
