45400,'02070559307629202a09',920,,167,14,0,19 20 21,0,436,,165,14,0,19 20 21,0,483,,166,14,0,19 20 21,0
45400,'075f4276790e1e273655',920,,391,14,0,19 20 21,0,436,,389,14,0,19 20 21,0,483,,390,14,0,19 20 21,0
45400,'0a2f1e22095132130163',1316,,168,14,0,5 22 23 24,0,505,,169,16,0,5 22 23 24,0
45400,'184134507f4517151633',1316,,395,14,0,5 22 23 24,0,495,,396,14,0,5 22 23 24,0
45400,'1c2e3625233d01453772',1711,,397,14,0,5 22 23 24,0
45400,'2a08755845643968295b',736,,173,14,0,5 22 23 24,0,120,,174,14,0,19 20 21,0,390,,170,14,0,5 22 23 24,0,110,,171,14,0,19 20 21,0,455,,172,14,0,19 20 21,0
45400,'2a5b3362091f52630354',856,,177,14,0,5 22 23 24,0,575,,175,14,0,5 22 23 24,0
45400,'31744f7e5638320a2d4c',1327,,398,17,0,5 22 23 24,0,484,,399,14,0,5 22 23 24,0
45400,'320823102b697f311363',920,,402,14,0,5 22 23 24,0,436,,400,14,0,5 22 23 24,0,483,,401,14,0,5 22 23 24,0
45400,'416039027b4e59137846',1952,,404,13,0,5 22 23 24,0
45400,'494a652c1e455e3d7c72',856,,406,14,0,5 22 23 24,0,575,,405,14,0,5 22 23 24,0
45400,'4d7a6615443531084902',1711,,178,14,0,5 22 23 24,0
45400,'553d275f1455102c362a',1316,,407,14,0,5 22 23 24,0,505,,408,16,0,5 22 23 24,0
45400,'59737b0d0f044b52693e',736,,409,14,0,5 22 23 24,0
45400,'693b6416011017175f3d',1952,,180,13,0,5 22 23 24,0
45400,'725616403949496a5c67',1327,,181,17,0,5 22 23 24,0,484,,182,14,0,5 22 23 24,0
45400,'7c40501f37807a467b28',856,,413,14,0,19 20 21,0,390,,410,14,0,5 22 23 24,0,110,,411,14,0,19 20 21,0,455,,412,14,0,19 20 21,0
