45400,'02070559307629202a09',846,,167,5,0,19 20 21,0,476,,165,5,0,19 20 21,0,483,,166,5,0,19 20 21,0
45400,'075f4276790e1e273655',846,,391,5,0,19 20 21,0,476,,389,5,0,19 20 21,0,483,,390,5,0,19 20 21,0
45400,'0a2f1e22095132130163',1232,,168,5,0,5 22 23 24,0,509,,169,7,0,5 22 23 24,0
45400,'0e5131610429337c0530',702,,393,5,0,5 22 23 24,0
45400,'184134507f4517151633',1232,,395,5,0,5 22 23 24,0,491,,396,5,0,5 22 23 24,0
45400,'1c2e3625233d01453772',1627,,397,5,0,5 22 23 24,0
45400,'2a08755845643968295b',702,,173,5,0,5 22 23 24,0,120,,174,5,0,19 20 21,0,380,,170,5,0,5 22 23 24,0,120,,171,5,0,19 20 21,0,405,,172,5,0,19 20 21,0
45400,'2a5b3362091f52630354',702,,176,5,0,5 22 23 24,0,120,,177,5,0,5 22 23 24,0,535,,175,5,0,5 22 23 24,0
45400,'31744f7e5638320a2d4c',1252,,398,8,0,5 22 23 24,0,471,,399,5,0,5 22 23 24,0
45400,'320823102b697f311363',846,,402,5,0,5 22 23 24,0,476,,400,5,0,5 22 23 24,0,483,,401,5,0,5 22 23 24,0
45400,'416039027b4e59137846',1739,,403,7,0,25 20,0,174,,404,4,0,5 22 23 24,0
45400,'494a652c1e455e3d7c72',822,,406,5,0,5 22 23 24,0,535,,405,5,0,5 22 23 24,0
45400,'4d7a6615443531084902',1627,,178,5,0,5 22 23 24,0
45400,'553d275f1455102c362a',1232,,407,5,0,5 22 23 24,0,511,,408,7,0,5 22 23 24,0
45400,'59737b0d0f044b52693e',702,,409,5,0,5 22 23 24,0
45400,'693b6416011017175f3d',1738,,179,7,0,25 20,0,173,,180,4,0,5 22 23 24,0
45400,'725616403949496a5c67',1250,,181,8,0,5 22 23 24,0,477,,182,5,0,5 22 23 24,0
45400,'7c40501f37807a467b28',822,,413,5,0,19 20 21,0,380,,410,5,0,5 22 23 24,0,120,,411,5,0,19 20 21,0,401,,412,5,0,19 20 21,0
45400,'7f443a14596255477616',702,,414,5,0,5 22 23 24,0
