45000,'0a2f1e22095132130163',1750,,8,14,0,44 14 45 46,0,103,,10,13,0,44 14 45 46,0
45000,'2a5b3362091f52630354',746,,22,12,0,44 14 45 46,0
45000,'31744f7e5638320a2d4c',1250,,262,16,0,44 14 45 46,0
45000,'553d275f1455102c362a',1750,,273,15,0,44 14 45 46,0,103,,275,14,0,44 14 45 46,0
45000,'725616403949496a5c67',1250,,29,15,0,44 14 45 46,0
45000,'7f443a14596255477616',746,,279,14,0,44 14 45 46,0
45001,'0a2f1e22095132130163',1712,,39,7,0,47 20 58 2 59,0
45001,'2a5b3362091f52630354',655,,56,9,0,47 20 58 2 59,0
45001,'31744f7e5638320a2d4c',1223,,298,7,0,47 14 15,0
45001,'553d275f1455102c362a',1713,,307,7,0,47 14 15,0
45001,'725616403949496a5c67',1222,,60,7,0,47 20 58 2 59,0
45001,'7f443a14596255477616',655,,314,9,0,47 73 74,0
