45000,'02070559307629202a09',912,,6,2,0,54 55,0,290,,1,2,0,54 55,0,210,,2,2,0,44 14 45 46,0,215,,4,2,0,44 14 45 46,0,285,,5,2,0,44 14 45 46,0
45000,'075f4276790e1e273655',912,,247,4,0,54 55,0,290,,245,4,0,54 55,0
45000,'0a2f1e22095132130163',1728,,8,4,0,44 14 45 46,0,102,,10,3,0,44 14 45 46,0
45000,'0c4d4a5702287833722f',912,,250,4,0,44 14 45 46,0,290,,249,4,0,44 14 45 46,0
45000,'1a20552b5a400f716a1b',912,,16,2,0,54 55,0,290,,11,2,0,54 55,0,210,,12,2,0,44 14 45 46,0,295,,14,2,0,44 14 45 46,0,325,,15,2,0,44 14 45 46,0
45000,'1c2e3625233d01453772',1107,,251,4,0,44 14 45 46,0,630,,252,4,0,44 14 45 46,0,170,,253,4,0,44 14 45 46,0,125,,254,4,0,44 14 45 46,0
45000,'1f5759673f12020b0a50',1412,,255,4,0,44 14 45 46,0,215,,256,4,0,44 14 45 46,0,285,,257,4,0,44 14 45 46,0
45000,'20705f6f6c1d470f2a10',912,,260,4,0,54 55,0,290,,258,4,0,54 55,0
45000,'2a08755845643968295b',837,,20,2,0,54 55,0,365,,18,2,0,54 55,0,210,,19,2,0,44 14 45 46,0
45000,'2a5b3362091f52630354',717,,22,2,0,44 14 45 46,0,90,,24,2,0,44 56 57,0,420,,21,2,0,44 14 45 46,0,380,,23,2,0,44 14 45 46,0
45000,'31744f7e5638320a2d4c',1228,,262,6,0,44 14 45 46,0,109,,264,4,0,44 14 45 46,0
45000,'320823102b697f311363',912,,266,4,0,44 14 45 46,0,290,,265,4,0,44 14 45 46,0
45000,'3823594e52252d7f6b14',1412,,267,4,0,44 14 45 46,0,295,,268,4,0,44 14 45 46,0,325,,269,2,0,44 14 45 46,0
45000,'494a652c1e455e3d7c72',807,,272,4,0,44 56 57,0,420,,270,4,0,44 14 45 46,0,380,,271,4,0,44 14 45 46,0
45000,'4d7a6615443531084902',1107,,25,2,0,44 14 45 46,0,630,,26,2,0,44 14 45 46,0,170,,27,2,0,44 14 45 46,0,125,,28,2,0,44 14 45 46,0
45000,'553d275f1455102c362a',1728,,273,5,0,44 14 45 46,0,100,,275,4,0,44 14 45 46,0
45000,'725616403949496a5c67',1228,,29,5,0,44 14 45 46,0,109,,31,2,0,44 14 45 46,0
45000,'7c40501f37807a467b28',837,,278,4,0,54 55,0,365,,276,4,0,54 55,0,210,,277,4,0,44 14 45 46,0
45000,'7f443a14596255477616',717,,279,4,0,44 14 45 46,0
