45201,'0646380e515e0e55705d',1758,,131,10,0,68 14 15,0
45201,'172f65311663730f1c1d',1158,,132,14,0,68 14 15,0
45201,'1c2e3625233d01453772',838,,378,9,0,65 14 45,0
45201,'204c681517280a424324',803,,136,9,0,68 14 15,0,200,,137,9,0,68 14 15,0,355,,133,9,0,68 14 15,0,200,,134,9,0,68 14 15,0,450,,135,9,0,68 14 15,0
45201,'311419515b6b024e4515',1758,,139,14,0,68 14 15,0
45201,'38330f282a2b4a5e2a78',1758,,379,10,0,68 14 15,0
45201,'3c57162a6f2449753f29',1758,,380,10,0,68 14 15,0
45201,'44521d0a5f7630785e17',608,,146,9,0,68 14 15,0,105,,149,9,0,68 14 15,0,245,,150,9,0,68 14 15,0,85,,151,9,0,68 14 15,0,192,,141,10,0,68 14 15,0,123,,142,9,0,68 14 15,0,175,,143,9,0,68 14 15,0,117,,144,10,0,68 14 15,0,98,,145,14,0,68 14 15,0,95,,147,10,0,68 14 15,0,105,,148,9,0,68 14 15,0
45201,'4d7a6615443531084902',838,,152,9,0,65 14 45,0
45201,'7f053522120e29061946',803,,155,9,0,68 14 15,0,200,,156,9,0,68 14 15,0,355,,153,9,0,68 14 15,0,200,,154,9,0,68 14 15,0
