45201,'0646380e515e0e55705d',1743,,131,3,0,68 14 15,0
45201,'172f65311663730f1c1d',1143,,132,7,0,68 14 15,0
45201,'204c681517280a424324',748,,136,2,0,68 14 15,0,200,,137,2,0,68 14 15,0,395,,133,2,0,68 14 15,0,200,,134,2,0,68 14 15,0,410,,135,2,0,68 14 15,0
45201,'2406546d7104722a434c',1230,,138,3,0,71 72,0
45201,'311419515b6b024e4515',1743,,139,7,0,68 14 15,0
45201,'335e221048313e0b4c6e',1743,,140,3,0,71 72,0
45201,'44521d0a5f7630785e17',553,,146,2,0,68 14 15,0,105,,149,2,0,68 14 15,0,285,,150,2,0,68 14 15,0,85,,151,2,0,68 14 15,0,192,,141,3,0,68 14 15,0,123,,142,2,0,68 14 15,0,175,,143,2,0,68 14 15,0,117,,144,3,0,68 14 15,0,98,,145,7,0,68 14 15,0,95,,147,3,0,68 14 15,0,105,,148,2,0,68 14 15,0
45201,'4d7a6615443531084902',823,,152,2,0,65 14 45,0
45201,'7f053522120e29061946',748,,155,2,0,68 14 15,0,200,,156,2,0,68 14 15,0,395,,153,2,0,68 14 15,0,200,,154,2,0,68 14 15,0
45400,'2a5b3362091f52630354',753,,176,16,0,5 22 23 24,0
45401,'2a5b3362091f52630354',1732,,194,2,0,28 29 30 31 20 32,0
45401,'693b6416011017175f3d',1732,,197,2,0,28 29 30 31 20 32,0,5,,198,2,0,28 29 30 31 20 32,0
45401,'725616403949496a5c67',1217,,199,2,0,28 22 14 15,0
