45700,'02070559307629202a09',836,,225,14,0,19 20 21,0,370,,226,14,0,19 20 21,0,300,,227,14,0,19 20 21,0
45700,'075f4276790e1e273655',836,,463,14,0,19 20 21,0,370,,464,14,0,19 20 21,0,300,,465,14,0,19 20 21,0
45700,'1c2e3625233d01453772',836,,466,14,0,19 20 21,0,370,,467,14,0,19 20 21,0,300,,468,14,0,19 20 21,0
45700,'4d7a6615443531084902',836,,230,14,0,19 20 21,0,370,,231,14,0,19 20 21,0,300,,232,14,0,19 20 21,0
45701,'02070559307629202a09',1015,,233,8,0,63 64,0,320,,234,8,0,63 64,0,419,,235,8,0,63 64,0
45701,'06693a797f7b73176b39',1754,,471,8,0,63 64,0
45701,'075f4276790e1e273655',1015,,472,8,0,63 64,0,320,,473,8,0,63 64,0,419,,474,8,0,63 64,0
45701,'1c2e3625233d01453772',1015,,475,8,0,63 64,0,320,,476,8,0,63 64,0
45701,'1c42311e025d3b40504f',1754,,236,8,0,63 64,0
45701,'2a08755845643968295b',1754,,238,8,0,63 64,0
45701,'416039027b4e59137846',1754,,480,9,0,63 64,0
45701,'4d7a6615443531084902',1015,,239,8,0,63 64,0,320,,240,8,0,63 64,0
45701,'59737b0d0f044b52693e',1754,,482,8,0,63 64,0
45701,'693b6416011017175f3d',1754,,242,9,0,63 64,0
