45000,'02070559307629202a09',1035,,6,14,4,,0,290,,1,14,4,,0
45000,'075f4276790e1e273655',1035,,247,16,4,,0,290,,245,16,4,,0
45000,'1a20552b5a400f716a1b',1035,,16,14,4,,0,290,,11,14,4,,0
45000,'20705f6f6c1d470f2a10',1035,,260,16,4,,0,290,,258,16,4,,0
45000,'2a08755845643968295b',1000,,20,14,4,,0,325,,18,14,4,,0
45000,'7c40501f37807a467b28',1000,,278,16,4,,0,325,,276,16,4,,0
45001,'02070559307629202a09',1445,,34,1,0,47 14 15,0,285,,36,1,0,47 14 15,0
45001,'075f4276790e1e273655',1445,,281,1,0,47 14 15,0,285,,283,1,0,47 14 15,0
45001,'1a20552b5a400f716a1b',1445,,43,1,0,47 14 15,0,400,,45,1,0,47 14 15,0
45001,'20705f6f6c1d470f2a10',1445,,295,1,0,47 14 15,0,400,,297,1,0,47 14 15,0
45001,'2a08755845643968295b',1340,,48,1,0,47 14 15,0,260,,49,1,0,47 14 15,0
45001,'7c40501f37807a467b28',1340,,310,1,0,47 14 15,0,260,,311,1,0,47 14 15,0
