45600,'02070559307629202a09',912,,219,6,0,5 22 23 24,0
45600,'1f5759673f12020b0a50',912,,457,6,0,5 22 23 24,0
45600,'2a5b3362091f52630354',702,,220,6,0,5 6 7,0
45600,'31744f7e5638320a2d4c',1327,,458,6,0,5 6 7,0
45600,'725616403949496a5c67',1327,,221,6,0,5 6 7,0
45600,'7f443a14596255477616',702,,459,6,0,5 6 7,0
45601,'02070559307629202a09',1253,,222,11,0,26 27,0
45601,'1f5759673f12020b0a50',1253,,460,11,0,26 27,0
45601,'2a5b3362091f52630354',1808,,223,14,0,26 27,0
45601,'31744f7e5638320a2d4c',1253,,461,14,0,26 27,0
45601,'725616403949496a5c67',1253,,224,14,0,26 27,0
45601,'7f443a14596255477616',1808,,462,14,0,26 27,0
