45700,'02070559307629202a09',832,,225,12,0,19 20 21,0,370,,226,12,0,19 20 21,0,300,,227,12,0,19 20 21,0
45700,'075f4276790e1e273655',832,,463,12,0,19 20 21,0,370,,464,12,0,19 20 21,0,300,,465,12,0,19 20 21,0
45700,'1c2e3625233d01453772',832,,466,12,0,19 20 21,0,370,,467,12,0,19 20 21,0,300,,468,12,0,19 20 21,0
45700,'4d7a6615443531084902',832,,230,12,0,19 20 21,0,370,,231,12,0,19 20 21,0,300,,232,12,0,19 20 21,0
45701,'02070559307629202a09',1020,,233,10,0,63 64,0,321,,234,10,0,63 64,0,418,,235,10,0,63 64,0
45701,'06693a797f7b73176b39',1759,,471,10,0,63 64,0
45701,'075f4276790e1e273655',1020,,472,10,0,63 64,0,321,,473,10,0,63 64,0,418,,474,10,0,63 64,0
45701,'1c2e3625233d01453772',1020,,475,10,0,63 64,0,321,,476,10,0,63 64,0
45701,'1c42311e025d3b40504f',1759,,236,10,0,63 64,0
45701,'2a08755845643968295b',1759,,238,10,0,63 64,0
45701,'416039027b4e59137846',1759,,480,11,0,63 64,0
45701,'4d7a6615443531084902',1020,,239,10,0,63 64,0,321,,240,10,0,63 64,0
45701,'59737b0d0f044b52693e',1759,,482,10,0,63 64,0
45701,'693b6416011017175f3d',1759,,242,11,0,63 64,0
