45000,'02070559307629202a09',929,,6,6,0,54 55,0,290,,1,6,0,54 55,0,210,,2,6,0,44 14 45 46,0,215,,4,6,0,44 14 45 46,0,285,,5,6,0,44 14 45 46,0
45000,'075f4276790e1e273655',929,,247,8,0,54 55,0,290,,245,8,0,54 55,0
45000,'0a2f1e22095132130163',1747,,8,13,0,44 14 45 46,0,104,,10,12,0,44 14 45 46,0
45000,'0c4d4a5702287833722f',929,,250,8,0,44 14 45 46,0,290,,249,8,0,44 14 45 46,0
45000,'1a20552b5a400f716a1b',929,,16,6,0,54 55,0,290,,11,6,0,54 55,0,210,,12,6,0,44 14 45 46,0,295,,14,6,0,44 14 45 46,0,323,,15,6,0,44 14 45 46,0
45000,'1c2e3625233d01453772',1124,,251,8,0,44 14 45 46,0,630,,252,8,0,44 14 45 46,0,170,,253,8,0,44 14 45 46,0,123,,254,8,0,44 14 45 46,0
45000,'1f5759673f12020b0a50',1429,,255,8,0,44 14 45 46,0,215,,256,8,0,44 14 45 46,0,285,,257,8,0,44 14 45 46,0
45000,'20705f6f6c1d470f2a10',929,,260,8,0,54 55,0,290,,258,8,0,54 55,0
45000,'2a08755845643968295b',854,,20,6,0,54 55,0,365,,18,6,0,54 55,0,210,,19,6,0,44 14 45 46,0
45000,'2a5b3362091f52630354',744,,22,11,0,44 14 45 46,0,80,,24,6,0,44 56 57,0,420,,21,6,0,44 14 45 46,0,380,,23,6,0,44 14 45 46,0
45000,'31744f7e5638320a2d4c',1247,,262,15,0,44 14 45 46,0,107,,264,8,0,44 14 45 46,0
45000,'320823102b697f311363',929,,266,8,0,44 14 45 46,0,290,,265,8,0,44 14 45 46,0
45000,'3823594e52252d7f6b14',1429,,267,8,0,44 14 45 46,0,295,,268,8,0,44 14 45 46,0,323,,269,6,0,44 14 45 46,0
45000,'494a652c1e455e3d7c72',824,,272,8,0,44 56 57,0,420,,270,8,0,44 14 45 46,0,380,,271,8,0,44 14 45 46,0
45000,'4d7a6615443531084902',1124,,25,6,0,44 14 45 46,0,630,,26,6,0,44 14 45 46,0,170,,27,6,0,44 14 45 46,0,123,,28,6,0,44 14 45 46,0
45000,'553d275f1455102c362a',1747,,273,14,0,44 14 45 46,0,104,,275,13,0,44 14 45 46,0
45000,'725616403949496a5c67',1247,,29,14,0,44 14 45 46,0,107,,31,6,0,44 14 45 46,0
45000,'7c40501f37807a467b28',854,,278,8,0,54 55,0,365,,276,8,0,54 55,0,210,,277,8,0,44 14 45 46,0
45000,'7f443a14596255477616',744,,279,13,0,44 14 45 46,0
