45400,'02070559307629202a09',911,,167,11,0,19 20 21,0,436,,165,11,0,19 20 21,0,483,,166,11,0,19 20 21,0
45400,'075f4276790e1e273655',911,,391,11,0,19 20 21,0,436,,389,11,0,19 20 21,0,483,,390,11,0,19 20 21,0
45400,'0a2f1e22095132130163',1257,,168,11,0,5 22 23 24,0,553,,169,13,0,5 22 23 24,0
45400,'0e5131610429337c0530',727,,393,11,0,5 22 23 24,0
45400,'184134507f4517151633',1257,,395,11,0,5 22 23 24,0,545,,396,11,0,5 22 23 24,0
45400,'1c2e3625233d01453772',1652,,397,11,0,5 22 23 24,0
45400,'2a08755845643968295b',727,,173,11,0,5 22 23 24,0,120,,174,11,0,19 20 21,0,380,,170,11,0,5 22 23 24,0,120,,171,11,0,19 20 21,0,455,,172,11,0,19 20 21,0
45400,'2a5b3362091f52630354',727,,176,11,0,5 22 23 24,0,120,,177,11,0,5 22 23 24,0,575,,175,11,0,5 22 23 24,0
45400,'31744f7e5638320a2d4c',1315,,398,14,0,5 22 23 24,0,487,,399,11,0,5 22 23 24,0
45400,'320823102b697f311363',911,,402,11,0,5 22 23 24,0,436,,400,11,0,5 22 23 24,0,483,,401,11,0,5 22 23 24,0
45400,'416039027b4e59137846',1943,,404,10,0,5 22 23 24,0
45400,'494a652c1e455e3d7c72',847,,406,11,0,5 22 23 24,0,575,,405,11,0,5 22 23 24,0
45400,'4d7a6615443531084902',1652,,178,11,0,5 22 23 24,0
45400,'553d275f1455102c362a',1257,,407,11,0,5 22 23 24,0,553,,408,13,0,5 22 23 24,0
45400,'59737b0d0f044b52693e',727,,409,11,0,5 22 23 24,0
45400,'693b6416011017175f3d',1943,,180,10,0,5 22 23 24,0
45400,'725616403949496a5c67',1315,,181,14,0,5 22 23 24,0,487,,182,11,0,5 22 23 24,0
45400,'7c40501f37807a467b28',847,,413,11,0,19 20 21,0,380,,410,11,0,5 22 23 24,0,120,,411,11,0,19 20 21,0,455,,412,11,0,19 20 21,0
45400,'7f443a14596255477616',727,,414,11,0,5 22 23 24,0
