45200,'172f65311663730f1c1d',1255,,108,1,0,63 64,0
45200,'204c681517280a424324',1055,,113,1,0,5 8 9 10,0,400,,109,1,0,5 8 9 10,0,200,,110,1,0,5 8 9 10,0,200,,111,1,0,5 8 9 10,0,190,,112,1,0,5 8 9 10,0
45200,'311419515b6b024e4515',855,,114,1,0,63 64,0
45200,'44521d0a5f7630785e17',725,,122,1,0,63 64,0,75,,123,1,0,5 6 7,0,255,,124,1,0,5 8 9 10,0,70,,125,1,0,5 8 9 10,0,220,,115,1,0,5 8 9 10,0,110,,116,1,0,5 8 9 10,0,150,,117,1,0,5 8 9 10,0,145,,118,1,0,5 8 9 10,0,95,,119,1,0,5 8 9 10,0,75,,120,1,0,5 8 9 10,0,115,,121,1,0,5 8 9 10,0
45200,'4d7a6615443531084902',1715,,126,10,0,5 8 9 10,0
45200,'7f053522120e29061946',1055,,130,1,0,5 8 9 10,0,400,,127,1,0,5 8 9 10,0,200,,128,1,0,5 8 9 10,0,200,,129,1,0,5 8 9 10,0
45201,'0646380e515e0e55705d',1825,,131,18,4,,0
45201,'172f65311663730f1c1d',1225,,132,22,4,,0
45201,'204c681517280a424324',830,,136,17,4,,0,200,,137,17,4,,0,395,,133,17,4,,0,200,,134,17,4,,0,410,,135,17,4,,0
45201,'311419515b6b024e4515',1825,,139,22,4,,0
45201,'44521d0a5f7630785e17',635,,146,17,4,,0,105,,149,17,4,,0,285,,150,17,4,,0,85,,151,17,4,,0,192,,141,18,4,,0,123,,142,17,4,,0,175,,143,17,4,,0,117,,144,18,4,,0,98,,145,22,4,,0,95,,147,18,4,,0,105,,148,17,4,,0
45201,'4d7a6615443531084902',905,,152,17,0,65 14 45,0
45201,'7f053522120e29061946',830,,155,17,4,,0,200,,156,17,4,,0,395,,153,17,4,,0,200,,154,17,4,,0
