45600,'02070559307629202a09',911,,219,5,0,5 22 23 24,0
45600,'1f5759673f12020b0a50',911,,457,5,0,5 22 23 24,0
45600,'2a5b3362091f52630354',701,,220,5,0,5 6 7,0
45600,'31744f7e5638320a2d4c',1326,,458,5,0,5 6 7,0
45600,'725616403949496a5c67',1326,,221,5,0,5 6 7,0
45600,'7f443a14596255477616',701,,459,5,0,5 6 7,0
45601,'02070559307629202a09',1257,,222,12,0,26 27,0
45601,'1f5759673f12020b0a50',1257,,460,12,0,26 27,0
45601,'2a5b3362091f52630354',1812,,223,15,0,26 27,0
45601,'31744f7e5638320a2d4c',1257,,461,15,0,26 27,0
45601,'725616403949496a5c67',1257,,224,15,0,26 27,0
45601,'7f443a14596255477616',1812,,462,15,0,26 27,0
