45000,'0a2f1e22095132130163',1742,,8,9,0,44 14 45 46,0,100,,10,8,0,44 14 45 46,0
45000,'2a5b3362091f52630354',736,,22,7,0,44 14 45 46,0
45000,'31744f7e5638320a2d4c',1239,,262,11,0,44 14 45 46,0
45000,'553d275f1455102c362a',1739,,273,10,0,44 14 45 46,0,103,,275,9,0,44 14 45 46,0
45000,'725616403949496a5c67',1242,,29,10,0,44 14 45 46,0
45000,'7f443a14596255477616',736,,279,9,0,44 14 45 46,0
45001,'0a2f1e22095132130163',1726,,39,13,0,47 20 58 2 59,0
45001,'2a5b3362091f52630354',707,,56,14,0,47 20 58 2 59,0
45001,'31744f7e5638320a2d4c',1235,,298,13,0,47 14 15,0
45001,'553d275f1455102c362a',1726,,307,13,0,47 14 15,0
45001,'725616403949496a5c67',1235,,60,13,0,47 20 58 2 59,0
45001,'7f443a14596255477616',707,,314,14,0,47 73 74,0
