45500,'02070559307629202a09',927,,200,4,0,5 8 9 10,0,479,,201,4,0,5 8 9 10,0
45500,'112a0b7f332a564f1678',1341,,438,4,0,5 8 9 10,0
45500,'1c2e3625233d01453772',851,,439,4,0,5 8 9 10,0,195,,440,4,0,5 8 9 10,0
45500,'1f5759673f12020b0a50',927,,441,4,0,5 8 9 10,0,479,,442,4,0,5 8 9 10,0
45500,'200a2d69427732221f48',1341,,202,4,0,5 8 9 10,0
45500,'2a5b3362091f52630354',717,,203,2,0,5 6 7,0
45500,'2e1c0e785a2119762825',1341,,205,4,0,5 8 9 10,0
45500,'31744f7e5638320a2d4c',1341,,443,9,0,5 8 9 10,0
45500,'495e5f3d32634b3b5042',1341,,444,4,0,5 8 9 10,0
45500,'4d7a6615443531084902',851,,206,4,0,5 8 9 10,0,195,,207,4,0,5 8 9 10,0
45500,'725616403949496a5c67',1341,,208,9,0,5 8 9 10,0
45500,'7f443a14596255477616',717,,445,2,0,5 6 7,0
45501,'02070559307629202a09',1240,,209,5,0,33 20,0,485,,210,5,0,33 20,0
45501,'0a2f1e22095132130163',1755,,211,8,0,11 12,0
45501,'1c2e3625233d01453772',926,,447,5,0,33 20,0,314,,448,5,0,33 20,0
45501,'1f5759673f12020b0a50',1240,,449,5,0,33 20,0,485,,450,5,0,33 20,0
45501,'2a08755845643968295b',1755,,213,5,0,33 20,0
45501,'2a5b3362091f52630354',830,,214,8,0,33 20,0
45501,'31744f7e5638320a2d4c',1240,,451,8,0,11 12,0,515,,452,5,0,11 12,0
45501,'4d7a6615443531084902',925,,215,5,0,33 20,0,315,,216,5,0,33 20,0
45501,'553d275f1455102c362a',1755,,453,8,0,11 12,0
45501,'59737b0d0f044b52693e',1755,,455,5,0,33 20,0
45501,'725616403949496a5c67',1240,,217,8,0,11 12,0,515,,218,5,0,11 12,0
45501,'7f443a14596255477616',830,,456,8,0,33 20,0
45600,'02070559307629202a09',927,,219,12,0,5 22 23 24,0
45600,'1f5759673f12020b0a50',927,,457,12,0,5 22 23 24,0
45600,'2a5b3362091f52630354',717,,220,12,0,5 6 7,0
45600,'31744f7e5638320a2d4c',1342,,458,12,0,5 6 7,0
45600,'725616403949496a5c67',1342,,221,12,0,5 6 7,0
45600,'7f443a14596255477616',717,,459,12,0,5 6 7,0
45601,'02070559307629202a09',1240,,222,5,0,26 27,0
45601,'1f5759673f12020b0a50',1240,,460,5,0,26 27,0
45601,'2a5b3362091f52630354',1755,,223,8,0,26 27,0
45601,'31744f7e5638320a2d4c',1240,,461,8,0,26 27,0
45601,'725616403949496a5c67',1240,,224,8,0,26 27,0
45601,'7f443a14596255477616',1755,,462,8,0,26 27,0
