450,45000,'02070559307629202a09',1,2,3,4,5,6,7
450,45000,'0a2f1e22095132130163',8,9,10
450,45000,'1a20552b5a400f716a1b',11,12,13,14,15,16,17
450,45000,'2a08755845643968295b',18,19,20
450,45000,'2a5b3362091f52630354',21,22,23,24
450,45000,'4d7a6615443531084902',25,26,27,28
450,45000,'725616403949496a5c67',29,30,31
450,45001,'02070559307629202a09',32,33,34,35,36,37,38
450,45001,'0a2f1e22095132130163',39
450,45001,'1a20552b5a400f716a1b',40,41,42,43,44,45,46
450,45001,'2a08755845643968295b',47,48,49,50
450,45001,'2a5b3362091f52630354',51,52,53,54,55,56
450,45001,'4d7a6615443531084902',57,58,59
450,45001,'725616403949496a5c67',60
451,45100,'02070559307629202a09',61,62,63,64
451,45100,'0a2f1e22095132130163',65
451,45100,'2a08755845643968295b',66,67,68
451,45100,'2a5b3362091f52630354',69,70,71,72,73,74,75,76,77,78,79
451,45100,'4d7a6615443531084902',80
451,45100,'725616403949496a5c67',81
451,45101,'02070559307629202a09',82,83,84,85
451,45101,'0a2f1e22095132130163',86,87,88,89,90
451,45101,'1c42311e025d3b40504f',91
451,45101,'2a08755845643968295b',92,93
451,45101,'2a5b3362091f52630354',94,95,96,97,98
451,45101,'4d7a6615443531084902',99,100
451,45101,'693b6416011017175f3d',101
451,45101,'725616403949496a5c67',102,103,104,105,106
452,45200,'09723e564c7f765c2a4d',107
452,45200,'172f65311663730f1c1d',108
452,45200,'204c681517280a424324',109,110,111,112,113
452,45200,'311419515b6b024e4515',114
452,45200,'44521d0a5f7630785e17',115,116,117,118,119,120,121,122,123,124,125
452,45200,'4d7a6615443531084902',126
452,45200,'7f053522120e29061946',127,128,129,130
452,45201,'0646380e515e0e55705d',131
452,45201,'172f65311663730f1c1d',132
452,45201,'204c681517280a424324',133,134,135,136,137
452,45201,'2406546d7104722a434c',138
452,45201,'311419515b6b024e4515',139
452,45201,'335e221048313e0b4c6e',140
452,45201,'44521d0a5f7630785e17',141,142,143,144,145,146,147,148,149,150,151
452,45201,'4d7a6615443531084902',152
452,45201,'7f053522120e29061946',153,154,155,156
453,45300,'4d7a6615443531084902',157,158,159,160
453,45301,'4d7a6615443531084902',161,162,163,164
454,45400,'02070559307629202a09',165,166,167
454,45400,'0a2f1e22095132130163',168,169
454,45400,'2a08755845643968295b',170,171,172,173,174
454,45400,'2a5b3362091f52630354',175,176,177
454,45400,'4d7a6615443531084902',178
454,45400,'693b6416011017175f3d',179,180
454,45400,'725616403949496a5c67',181,182
454,45401,'02070559307629202a09',183,184,185
454,45401,'0a2f1e22095132130163',186
454,45401,'2a08755845643968295b',187,188,189,190,191
454,45401,'2a5b3362091f52630354',192,193,194,195
454,45401,'4d7a6615443531084902',196
454,45401,'693b6416011017175f3d',197,198
454,45401,'725616403949496a5c67',199
455,45500,'02070559307629202a09',200,201
455,45500,'200a2d69427732221f48',202
455,45500,'2a5b3362091f52630354',203,204
455,45500,'2e1c0e785a2119762825',205
455,45500,'4d7a6615443531084902',206,207
455,45500,'725616403949496a5c67',208
455,45501,'02070559307629202a09',209,210
455,45501,'0a2f1e22095132130163',211,212
455,45501,'2a08755845643968295b',213
455,45501,'2a5b3362091f52630354',214
455,45501,'4d7a6615443531084902',215,216
455,45501,'725616403949496a5c67',217,218
456,45600,'02070559307629202a09',219
456,45600,'2a5b3362091f52630354',220
456,45600,'725616403949496a5c67',221
456,45601,'02070559307629202a09',222
456,45601,'2a5b3362091f52630354',223
456,45601,'725616403949496a5c67',224
457,45700,'02070559307629202a09',225,226,227
457,45700,'2a5b3362091f52630354',228,229
457,45700,'4d7a6615443531084902',230,231,232
457,45701,'02070559307629202a09',233,234,235
457,45701,'1c42311e025d3b40504f',236
457,45701,'296b622873433b653522',237
457,45701,'2a08755845643968295b',238
457,45701,'4d7a6615443531084902',239,240
457,45701,'693b6416011017175f3d',241,242
457,45701,'725616403949496a5c67',243,244
