45700,'02070559307629202a09',811,,225,7,0,19 20 21,0,330,,226,7,0,19 20 21,0,300,,227,7,0,19 20 21,0
45700,'075f4276790e1e273655',811,,463,6,0,19 20 21,0,330,,464,6,0,19 20 21,0,300,,465,6,0,19 20 21,0
45700,'1c2e3625233d01453772',811,,466,6,0,19 20 21,0,330,,467,6,0,19 20 21,0,300,,468,6,0,19 20 21,0
45700,'4d7a6615443531084902',811,,230,7,0,19 20 21,0,330,,231,7,0,19 20 21,0,300,,232,7,0,19 20 21,0
45701,'02070559307629202a09',1037,,233,15,0,63 64,0,320,,234,15,0,63 64,0,462,,235,15,0,63 64,0
45701,'06693a797f7b73176b39',1819,,471,16,0,63 64,0
45701,'075f4276790e1e273655',1037,,472,16,0,63 64,0,320,,473,16,0,63 64,0,462,,474,16,0,63 64,0
45701,'1c2e3625233d01453772',1037,,475,16,0,63 64,0,320,,476,16,0,63 64,0
45701,'1c42311e025d3b40504f',1819,,236,15,0,63 64,0
45701,'2a08755845643968295b',1819,,238,15,0,63 64,0
45701,'416039027b4e59137846',1819,,480,17,0,63 64,0
45701,'4d7a6615443531084902',1037,,239,15,0,63 64,0,320,,240,15,0,63 64,0
45701,'59737b0d0f044b52693e',1819,,482,16,0,63 64,0
45701,'693b6416011017175f3d',1819,,242,16,0,63 64,0
