45000,'02070559307629202a09',1005,,6,13,0,54 55,0,250,,1,13,0,54 55,0,250,,2,13,4,,0,215,,4,13,4,,0,285,,5,13,4,,0
45000,'0a2f1e22095132130163',1810,,9,14,4,,0,15,,8,24,4,,0,105,,10,24,4,,0
45000,'1a20552b5a400f716a1b',1005,,16,13,0,54 55,0,250,,11,13,0,54 55,0,250,,12,13,4,,0,295,,14,13,4,,0,320,,15,13,4,,0
45000,'2a08755845643968295b',930,,20,13,0,54 55,0,325,,18,13,0,54 55,0,250,,19,13,4,,0
45000,'2a5b3362091f52630354',825,,22,23,4,,0,75,,24,13,0,44 56 57,0,420,,21,13,4,,0,380,,23,13,4,,0
45000,'4d7a6615443531084902',1200,,25,13,4,,0,630,,26,13,4,,0,170,,27,13,4,,0,120,,28,13,4,,0
45000,'725616403949496a5c67',1310,,30,14,4,,0,15,,29,22,4,,0,105,,31,13,4,,0
45100,'02070559307629202a09',715,,64,1,0,28 12 38,0,390,,61,1,0,28 12 38,0,300,,62,1,0,28 12 38,0,240,,63,1,0,28 12 38,0
45100,'0a2f1e22095132130163',1730,,65,1,0,28 12 38,0
45100,'2a08755845643968295b',715,,68,1,0,28 12 38,0,390,,66,1,0,28 12 38,0,540,,67,1,0,28 12 38,0
45100,'2a5b3362091f52630354',650,,75,1,0,39 6 40 41,0,50,,76,1,0,39 6 40 41,0,2,,77,1,0,39 6 40 41,0,43,,78,1,0,28 42 43,0,80,,79,1,0,28 42 43,0,180,,69,1,0,28 12 38,0,205,,70,1,0,28 12 38,0,305,,71,1,0,28 12 38,0,95,,72,1,0,28 12 38,0,100,,73,1,0,28 12 38,0,100,,74,1,0,28 12 38,0
45100,'4d7a6615443531084902',1405,,80,1,0,28 12 38,0
45100,'725616403949496a5c67',1310,,81,1,0,28 12 38,0
45101,'02070559307629202a09',1000,,85,16,4,,0,255,,82,16,4,,0,300,,83,16,4,,0,285,,84,15,4,,0
45101,'0a2f1e22095132130163',1255,,86,16,4,,0,395,,87,17,4,,0,160,,88,18,4,,0,2,,89,18,4,,0,33,,90,18,4,,0
45101,'1c42311e025d3b40504f',1905,,91,18,4,,0
45101,'2a08755845643968295b',1255,,92,16,4,,0,585,,93,15,4,,0
45101,'2a5b3362091f52630354',740,,95,18,4,,0,80,,96,18,4,,0,35,,97,17,4,,0,55,,98,16,4,,0,430,,94,16,4,,0
45101,'4d7a6615443531084902',1000,,100,16,4,,0,555,,99,16,4,,0
45101,'693b6416011017175f3d',1945,,101,18,4,,0
45101,'725616403949496a5c67',1305,,106,19,4,,0,17,,102,19,4,,0,328,,103,16,4,,0,150,,104,16,4,,0,35,,105,16,4,,0
