45200,'172f65311663730f1c1d',1445,,108,22,4,,0
45200,'311419515b6b024e4515',1040,,114,22,4,,0
45200,'44521d0a5f7630785e17',910,,122,22,4,,0
45700,'02070559307629202a09',800,,225,1,0,19 20 21,0,330,,226,1,0,19 20 21,0,300,,227,1,0,19 20 21,0
45700,'075f4276790e1e273655',800,,463,1,0,19 20 21,0,330,,464,1,0,19 20 21,0,300,,465,1,0,19 20 21,0
45700,'1c2e3625233d01453772',800,,466,1,0,19 20 21,0,330,,467,1,0,19 20 21,0,300,,468,1,0,19 20 21,0
45700,'4d7a6615443531084902',800,,230,1,0,19 20 21,0,330,,231,1,0,19 20 21,0,300,,232,1,0,19 20 21,0
45701,'02070559307629202a09',1048,,233,21,4,,0,360,,234,21,4,,0,422,,235,21,4,,0
45701,'06693a797f7b73176b39',1830,,471,21,4,,0
45701,'075f4276790e1e273655',1048,,472,21,4,,0,360,,473,21,4,,0,422,,474,21,4,,0
45701,'1c2e3625233d01453772',1048,,475,21,4,,0,360,,476,21,4,,0
45701,'1c42311e025d3b40504f',1830,,236,21,4,,0
45701,'2a08755845643968295b',1830,,238,21,4,,0
45701,'416039027b4e59137846',1830,,480,22,4,,0
45701,'4d7a6615443531084902',1048,,239,21,4,,0,360,,240,21,4,,0
45701,'59737b0d0f044b52693e',1830,,482,21,4,,0
45701,'693b6416011017175f3d',1830,,242,22,4,,0
