45500,'02070559307629202a09',923,,200,2,0,5 8 9 10,0,479,,201,2,0,5 8 9 10,0
45500,'112a0b7f332a564f1678',1337,,438,2,0,5 8 9 10,0
45500,'1c2e3625233d01453772',847,,439,2,0,5 8 9 10,0,195,,440,2,0,5 8 9 10,0
45500,'1f5759673f12020b0a50',923,,441,2,0,5 8 9 10,0,479,,442,2,0,5 8 9 10,0
45500,'200a2d69427732221f48',1337,,202,2,0,5 8 9 10,0
45500,'2a5b3362091f52630354',713,,204,7,0,5 6 7,0
45500,'2e1c0e785a2119762825',1337,,205,2,0,5 8 9 10,0
45500,'31744f7e5638320a2d4c',1337,,443,7,0,5 8 9 10,0
45500,'495e5f3d32634b3b5042',1337,,444,2,0,5 8 9 10,0
45500,'4d7a6615443531084902',847,,206,2,0,5 8 9 10,0,195,,207,2,0,5 8 9 10,0
45500,'725616403949496a5c67',1337,,208,7,0,5 8 9 10,0
45500,'7f443a14596255477616',713,,446,7,0,5 6 7,0
45600,'02070559307629202a09',923,,219,10,0,5 22 23 24,0
45600,'1f5759673f12020b0a50',923,,457,10,0,5 22 23 24,0
45600,'2a5b3362091f52630354',713,,220,10,0,5 6 7,0
45600,'31744f7e5638320a2d4c',1338,,458,10,0,5 6 7,0
45600,'725616403949496a5c67',1338,,221,10,0,5 6 7,0
45600,'7f443a14596255477616',713,,459,10,0,5 6 7,0
