45201,'0646380e515e0e55705d',1801,,131,11,0,68 14 15,0
45201,'172f65311663730f1c1d',1201,,132,15,0,68 14 15,0
45201,'1c2e3625233d01453772',841,,378,10,0,65 14 45,0
45201,'204c681517280a424324',806,,136,10,0,68 14 15,0,200,,137,10,0,68 14 15,0,395,,133,10,0,68 14 15,0,200,,134,10,0,68 14 15,0,410,,135,10,0,68 14 15,0
45201,'311419515b6b024e4515',1801,,139,15,0,68 14 15,0
45201,'38330f282a2b4a5e2a78',1801,,379,11,0,68 14 15,0
45201,'3c57162a6f2449753f29',1801,,380,11,0,68 14 15,0
45201,'44521d0a5f7630785e17',611,,146,10,0,68 14 15,0,105,,149,10,0,68 14 15,0,285,,150,10,0,68 14 15,0,45,,151,10,0,68 14 15,0,192,,141,11,0,68 14 15,0,163,,142,10,0,68 14 15,0,135,,143,10,0,68 14 15,0,117,,144,11,0,68 14 15,0,98,,145,15,0,68 14 15,0,95,,147,11,0,68 14 15,0,105,,148,10,0,68 14 15,0
45201,'4d7a6615443531084902',841,,152,10,0,65 14 45,0
45201,'7f053522120e29061946',806,,155,10,0,68 14 15,0,200,,156,10,0,68 14 15,0,395,,153,10,0,68 14 15,0,200,,154,10,0,68 14 15,0
