45401,'02070559307629202a09',743,,184,7,0,28 22 14 15,0,460,,185,7,0,28 22 14 15,0,500,,183,7,0,28 22 14 15,0
45401,'075f4276790e1e273655',743,,416,7,0,28 22 14 15,0,460,,417,7,0,28 22 14 15,0,500,,415,7,0,28 22 14 15,0
45401,'0a2f1e22095132130163',1238,,186,6,0,28 22 14 15,0
45401,'0e5131610429337c0530',621,,418,6,0,28 29 30 31 20 32,0
45401,'184134507f4517151633',659,,420,6,0,28 22 14 15,0,579,,419,6,0,28 22 14 15,0
45401,'1c2e3625233d01453772',823,,421,6,0,28 22 14 15,0
45401,'2a08755845643968295b',659,,190,7,0,28 22 14 15,0,544,,191,7,0,28 22 14 15,0,150,,187,6,0,28 22 14 15,0,250,,188,7,0,28 22 14 15,0,150,,189,6,0,28 29 30 31 20 32,0
45401,'2a5b3362091f52630354',659,,195,6,0,28 22 14 15,0,754,,192,6,0,28 22 14 15,0,190,,193,6,0,28 22 14 15,0,200,,194,8,0,28 29 30 31 20 32,0
45401,'31744f7e5638320a2d4c',1246,,422,8,0,28 22 14 15,0
45401,'320823102b697f311363',743,,425,6,0,28 22 14 15,0,460,,423,6,0,28 22 14 15,0,500,,424,6,0,28 22 14 15,0
45401,'416039027b4e59137846',1808,,427,8,0,28 29 30 31 20 32,0
45401,'494a652c1e455e3d7c72',1413,,428,6,0,28 22 14 15,0,190,,429,6,0,28 22 14 15,0
45401,'4d7a6615443531084902',823,,196,6,0,28 22 14 15,0
45401,'553d275f1455102c362a',1238,,430,6,0,28 22 14 15,0
45401,'59737b0d0f044b52693e',1753,,431,6,0,28 29 30 31 20 32,0
45401,'693b6416011017175f3d',1808,,198,8,0,28 29 30 31 20 32,0
45401,'725616403949496a5c67',1246,,199,8,0,28 22 14 15,0
45401,'7c40501f37807a467b28',659,,434,7,0,28 22 14 15,0,544,,435,7,0,28 22 14 15,0,150,,432,6,0,28 22 14 15,0,250,,433,7,0,28 22 14 15,0
45401,'7f443a14596255477616',659,,437,6,0,28 22 14 15,0,1144,,436,8,0,28 29 30 31 20 32,0
