45000,'02070559307629202a09',915,,7,1,0,13 14 15,0,21,,6,7,0,54 55,0,290,,1,7,0,54 55,0,210,,2,7,0,44 14 45 46,0,164,,3,1,0,13 14 15,0,51,,4,7,0,44 14 45 46,0,285,,5,7,0,44 14 45 46,0
45000,'075f4276790e1e273655',915,,248,1,0,13 14 15,0,21,,247,9,0,54 55,0,290,,245,9,0,54 55,0,374,,246,1,0,13 14 15,0
45000,'0a2f1e22095132130163',1755,,8,15,0,44 14 45 46,0,101,,10,14,0,44 14 45 46,0
45000,'0c4d4a5702287833722f',936,,250,9,0,44 14 45 46,0,290,,249,9,0,44 14 45 46,0
45000,'1a20552b5a400f716a1b',915,,17,1,0,13 14 15,0,21,,16,7,0,54 55,0,290,,11,7,0,54 55,0,210,,12,7,0,44 14 45 46,0,164,,13,1,0,13 14 15,0,131,,14,7,0,44 14 45 46,0,322,,15,7,0,44 14 45 46,0
45000,'1c2e3625233d01453772',1131,,251,9,0,44 14 45 46,0,670,,252,9,0,44 14 45 46,0,130,,253,9,0,44 14 45 46,0,122,,254,9,0,44 14 45 46,0
45000,'1f5759673f12020b0a50',1436,,255,9,0,44 14 45 46,0,215,,256,9,0,44 14 45 46,0,285,,257,9,0,44 14 45 46,0
45000,'20705f6f6c1d470f2a10',915,,261,1,0,13 14 15,0,21,,260,9,0,54 55,0,290,,258,9,0,54 55,0,374,,259,1,0,13 14 15,0
45000,'2a08755845643968295b',901,,20,7,0,54 55,0,325,,18,7,0,54 55,0,210,,19,7,0,44 14 45 46,0
45000,'2a5b3362091f52630354',831,,24,7,0,44 56 57,0,420,,21,7,0,44 14 45 46,0,380,,23,7,0,44 14 45 46,0
45000,'31744f7e5638320a2d4c',1255,,262,17,0,44 14 45 46,0,146,,264,9,0,44 14 45 46,0
45000,'320823102b697f311363',936,,266,9,0,44 14 45 46,0,290,,265,9,0,44 14 45 46,0
45000,'3823594e52252d7f6b14',1436,,267,9,0,44 14 45 46,0,295,,268,9,0,44 14 45 46,0,322,,269,7,0,44 14 45 46,0
45000,'494a652c1e455e3d7c72',831,,272,9,0,44 56 57,0,420,,270,9,0,44 14 45 46,0,380,,271,9,0,44 14 45 46,0
45000,'4d7a6615443531084902',1131,,25,7,0,44 14 45 46,0,670,,26,7,0,44 14 45 46,0,130,,27,7,0,44 14 45 46,0,122,,28,7,0,44 14 45 46,0
45000,'553d275f1455102c362a',1755,,273,16,0,44 14 45 46,0,101,,275,15,0,44 14 45 46,0
45000,'725616403949496a5c67',1255,,29,16,0,44 14 45 46,0,146,,31,7,0,44 14 45 46,0
45000,'7c40501f37807a467b28',901,,278,9,0,54 55,0,325,,276,9,0,54 55,0,210,,277,9,0,44 14 45 46,0
