45500,'02070559307629202a09',931,,200,5,0,5 8 9 10,0,479,,201,5,0,5 8 9 10,0
45500,'112a0b7f332a564f1678',1345,,438,5,0,5 8 9 10,0
45500,'1c2e3625233d01453772',855,,439,5,0,5 8 9 10,0,195,,440,5,0,5 8 9 10,0
45500,'1f5759673f12020b0a50',931,,441,5,0,5 8 9 10,0,479,,442,5,0,5 8 9 10,0
45500,'200a2d69427732221f48',1345,,202,5,0,5 8 9 10,0
45500,'2a5b3362091f52630354',721,,203,3,0,5 6 7,0
45500,'2e1c0e785a2119762825',1345,,205,5,0,5 8 9 10,0
45500,'31744f7e5638320a2d4c',1345,,443,10,0,5 8 9 10,0
45500,'495e5f3d32634b3b5042',1345,,444,5,0,5 8 9 10,0
45500,'4d7a6615443531084902',855,,206,5,0,5 8 9 10,0,195,,207,5,0,5 8 9 10,0
45500,'725616403949496a5c67',1345,,208,10,0,5 8 9 10,0
45500,'7f443a14596255477616',721,,445,3,0,5 6 7,0
45501,'02070559307629202a09',1237,,209,4,0,33 20,0,485,,210,4,0,33 20,0
45501,'0a2f1e22095132130163',1752,,212,4,0,34 35,0
45501,'1c2e3625233d01453772',924,,447,4,0,33 20,0,315,,448,4,0,33 20,0
45501,'1f5759673f12020b0a50',1239,,449,4,0,33 20,0,484,,450,4,0,33 20,0
45501,'2a08755845643968295b',1752,,213,4,0,33 20,0
45501,'2a5b3362091f52630354',827,,214,7,0,33 20,0
45501,'31744f7e5638320a2d4c',1237,,451,7,0,11 12,0,516,,452,4,0,11 12,0
45501,'4d7a6615443531084902',922,,215,4,0,33 20,0,315,,216,4,0,33 20,0
45501,'553d275f1455102c362a',1752,,454,4,0,34 35,0
45501,'59737b0d0f044b52693e',1753,,455,4,0,33 20,0
45501,'725616403949496a5c67',1237,,217,7,0,11 12,0,515,,218,4,0,11 12,0
45501,'7f443a14596255477616',827,,456,7,0,33 20,0
45600,'02070559307629202a09',931,,219,13,0,5 22 23 24,0
45600,'1f5759673f12020b0a50',931,,457,13,0,5 22 23 24,0
45600,'2a5b3362091f52630354',721,,220,13,0,5 6 7,0
45600,'31744f7e5638320a2d4c',1346,,458,13,0,5 6 7,0
45600,'725616403949496a5c67',1346,,221,13,0,5 6 7,0
45600,'7f443a14596255477616',721,,459,13,0,5 6 7,0
45601,'02070559307629202a09',1237,,222,4,0,26 27,0
45601,'1f5759673f12020b0a50',1237,,460,4,0,26 27,0
45601,'2a5b3362091f52630354',1752,,223,7,0,26 27,0
45601,'31744f7e5638320a2d4c',1237,,461,7,0,26 27,0
45601,'725616403949496a5c67',1237,,224,7,0,26 27,0
45601,'7f443a14596255477616',1752,,462,7,0,26 27,0
