45100,'02070559307629202a09',737,,64,7,0,28 12 38,0,390,,61,7,0,28 12 38,0,300,,62,7,0,28 12 38,0,280,,63,7,0,28 12 38,0
45100,'0a2f1e22095132130163',1752,,65,8,0,28 12 38,0
45100,'0d4e3278231744213640',1236,,315,8,0,28 12 38,0,399,,316,8,0,28 12 38,0,295,,317,7,0,28 12 38,0
45100,'0e5131610429337c0530',614,,318,8,0,28 29 30 31 20 32,0
45100,'184134507f4517151633',850,,319,7,0,28 12 38,0
45100,'1c2e3625233d01453772',1432,,320,7,0,28 12 38,0
45100,'2a08755845643968295b',737,,68,7,0,28 12 38,0,390,,66,7,0,28 12 38,0,580,,67,7,0,28 12 38,0
45100,'2a5b3362091f52630354',712,,75,7,0,39 6 40 41,0,10,,76,7,0,39 6 40 41,0,2,,77,7,0,39 6 40 41,0,83,,78,8,0,28 42 43,0,40,,79,8,0,28 42 43,0,180,,69,7,0,28 12 38,0,205,,70,8,0,28 12 38,0,305,,71,7,0,28 12 38,0,95,,72,8,0,28 12 38,0,100,,73,8,0,28 12 38,0,100,,74,8,0,28 12 38,0
45100,'31744f7e5638320a2d4c',1336,,321,7,0,28 12 38,0
45100,'320823102b697f311363',840,,322,7,0,28 12 38,0
45100,'34470046707605410b09',740,,326,7,0,28 12 38,0,392,,323,7,0,28 12 38,0,300,,324,7,0,28 12 38,0,278,,325,7,0,28 12 38,0
45100,'494a652c1e455e3d7c72',1540,,327,7,0,28 12 38,0
45100,'4d7a6615443531084902',1427,,80,7,0,28 12 38,0
45100,'553d275f1455102c362a',1755,,328,8,0,28 12 38,0
45100,'59737b0d0f044b52693e',740,,331,7,0,28 12 38,0,392,,329,7,0,28 12 38,0,578,,330,7,0,28 12 38,0
45100,'720e2d0f476223047d12',1540,,332,7,0,28 12 38,0
45100,'725616403949496a5c67',1332,,81,7,0,28 12 38,0
45100,'7f443a14596255477616',714,,338,7,0,39 6 40 41,0,10,,340,7,0,39 6 40 41,0,86,,341,8,0,28 42 43,0,40,,342,8,0,28 42 43,0,180,,333,7,0,28 12 38,0,206,,334,8,0,28 12 38,0,399,,335,8,0,28 12 38,0,100,,336,8,0,28 12 38,0,100,,337,8,0,28 12 38,0
45101,'02070559307629202a09',938,,85,9,0,44 14 45 46,0,295,,82,9,0,44 14 45 46,0,300,,83,9,0,44 14 45 46,0,285,,84,9,0,44 14 45 46,0
45101,'06693a797f7b73176b39',1843,,343,11,0,44 14 45 46,0
45101,'075f4276790e1e273655',1818,,344,9,0,44 14 45 46,0
45101,'0a2f1e22095132130163',1233,,86,9,0,44 14 45 46,0,395,,87,10,0,44 14 45 46,0,120,,88,11,0,44 14 45 46,0,2,,89,11,0,44 14 45 46,0,73,,90,11,0,44 14 45 46,0
45101,'0d4e3278231744213640',718,,346,10,0,44 14 45 46,0,600,,345,9,0,44 14 45 46,0,415,,347,9,0,44 14 45 46,0
45101,'184134507f4517151633',1658,,348,10,0,44 14 45 46,0,165,,349,11,0,44 14 45 46,0
45101,'1c2e3625233d01453772',938,,351,9,0,44 14 45 46,0,595,,350,9,0,44 14 45 46,0
45101,'1c42311e025d3b40504f',1843,,91,11,0,44 14 45 46,0
45101,'1f5759673f12020b0a50',938,,352,9,0,44 14 45 46,0
45101,'2a08755845643968295b',1233,,92,9,0,44 14 45 46,0,585,,93,9,0,44 14 45 46,0
45101,'2a5b3362091f52630354',718,,95,10,0,44 14 45 46,0,40,,96,10,0,44 14 45 46,0,75,,97,9,0,44 14 45 46,0,15,,98,9,0,44 14 45 46,0,470,,94,9,0,44 14 45 46,0
45101,'31744f7e5638320a2d4c',1244,,357,12,0,44 14 45 46,0,56,,353,12,0,44 14 45 46,0,328,,354,9,0,44 14 45 46,0,110,,355,9,0,44 14 45 46,0,75,,356,9,0,44 14 45 46,0
45101,'34470046707605410b09',1233,,358,9,0,44 14 45 46,0,300,,359,9,0,44 14 45 46,0
45101,'416039027b4e59137846',1918,,360,11,0,44 14 45 46,0
45101,'494a652c1e455e3d7c72',833,,361,9,0,44 14 45 46,0
45101,'4d7a6615443531084902',938,,100,9,0,44 14 45 46,0,595,,99,9,0,44 14 45 46,0
45101,'553d275f1455102c362a',1233,,362,9,0,44 14 45 46,0,395,,363,10,0,44 14 45 46,0,120,,364,11,0,44 14 45 46,0,2,,365,11,0,44 14 45 46,0,73,,366,11,0,44 14 45 46,0
45101,'59737b0d0f044b52693e',1233,,367,9,0,44 14 45 46,0
45101,'693b6416011017175f3d',1918,,101,11,0,44 14 45 46,0
45101,'720e2d0f476223047d12',833,,370,9,0,44 14 45 46,0,825,,368,10,0,44 14 45 46,0,165,,369,10,0,44 14 45 46,0
45101,'725616403949496a5c67',1249,,106,12,0,44 14 45 46,0,51,,102,12,0,44 14 45 46,0,328,,103,9,0,44 14 45 46,0,110,,104,9,0,44 14 45 46,0,75,,105,9,0,44 14 45 46,0
45101,'7c40501f37807a467b28',1818,,371,9,0,44 14 45 46,0
45101,'7f443a14596255477616',718,,373,10,0,44 14 45 46,0,40,,374,10,0,44 14 45 46,0,90,,375,9,0,44 14 45 46,0,470,,372,9,0,44 14 45 46,0
