45501,'02070559307629202a09',1244,,209,7,0,33 20,0,485,,210,7,0,33 20,0
45501,'0a2f1e22095132130163',1759,,211,10,0,11 12,0
45501,'1c2e3625233d01453772',929,,447,7,0,33 20,0,315,,448,7,0,33 20,0
45501,'1f5759673f12020b0a50',1244,,449,7,0,33 20,0,485,,450,7,0,33 20,0
45501,'2a08755845643968295b',1759,,213,7,0,33 20,0
45501,'2a5b3362091f52630354',834,,214,10,0,33 20,0
45501,'31744f7e5638320a2d4c',1244,,451,10,0,11 12,0,515,,452,7,0,11 12,0
45501,'4d7a6615443531084902',929,,215,7,0,33 20,0,315,,216,7,0,33 20,0
45501,'553d275f1455102c362a',1759,,453,10,0,11 12,0
45501,'59737b0d0f044b52693e',1759,,455,7,0,33 20,0
45501,'725616403949496a5c67',1244,,217,10,0,11 12,0,515,,218,7,0,11 12,0
45501,'7f443a14596255477616',834,,456,10,0,33 20,0
45601,'02070559307629202a09',1244,,222,7,0,26 27,0
45601,'1f5759673f12020b0a50',1244,,460,7,0,26 27,0
45601,'2a5b3362091f52630354',1759,,223,10,0,26 27,0
45601,'31744f7e5638320a2d4c',1244,,461,10,0,26 27,0
45601,'725616403949496a5c67',1244,,224,10,0,26 27,0
45601,'7f443a14596255477616',1759,,462,10,0,26 27,0
