45000,'02070559307629202a09',921,,6,4,0,54 55,0,290,,1,4,0,54 55,0,210,,2,4,0,44 14 45 46,0,215,,4,4,0,44 14 45 46,0,285,,5,4,0,44 14 45 46,0
45000,'0a2f1e22095132130163',1731,,9,4,0,44 14 45 46,0,6,,8,7,0,44 14 45 46,0,100,,10,6,0,44 14 45 46,0
45000,'1a20552b5a400f716a1b',921,,16,4,0,54 55,0,290,,11,4,0,54 55,0,210,,12,4,0,44 14 45 46,0,295,,14,4,0,44 14 45 46,0,325,,15,4,0,44 14 45 46,0
45000,'2a08755845643968295b',846,,20,4,0,54 55,0,365,,18,4,0,54 55,0,210,,19,4,0,44 14 45 46,0
45000,'2a5b3362091f52630354',728,,22,5,0,44 14 45 46,0,88,,24,4,0,44 56 57,0,420,,21,4,0,44 14 45 46,0,380,,23,4,0,44 14 45 46,0
45000,'4d7a6615443531084902',1116,,25,4,0,44 14 45 46,0,630,,26,4,0,44 14 45 46,0,170,,27,4,0,44 14 45 46,0,125,,28,4,0,44 14 45 46,0
45000,'725616403949496a5c67',1231,,30,4,0,44 14 45 46,0,6,,29,8,0,44 14 45 46,0,109,,31,4,0,44 14 45 46,0
45001,'02070559307629202a09',754,,37,10,0,47 14 15,0,375,,32,10,0,47 14 15,0,205,,33,10,0,47 14 15,0,225,,34,11,0,47 14 15,0,285,,36,11,0,47 14 15,0
45001,'0a2f1e22095132130163',1730,,39,14,0,47 20 58 2 59,0
45001,'1a20552b5a400f716a1b',844,,46,10,0,47 14 15,0,285,,41,10,0,47 14 15,0,205,,42,10,0,47 14 15,0,225,,43,11,0,47 14 15,0,400,,45,11,0,47 14 15,0
45001,'2a08755845643968295b',710,,50,10,0,47 14 15,0,419,,47,10,0,47 14 15,0,325,,48,11,0,47 14 15,0,260,,49,11,0,47 14 15,0
45001,'2a5b3362091f52630354',644,,53,10,0,47 14 15,0,64,,56,15,0,47 20 58 2 59,0,9,,51,13,0,47 60 61 62,0,442,,52,10,0,47 14 15,0,295,,54,10,0,47 14 15,0,350,,55,13,0,47 14 15,0
45001,'4d7a6615443531084902',819,,59,10,0,47 14 15,0,435,,57,10,0,47 14 15,0,695,,58,11,0,47 14 15,0
45001,'725616403949496a5c67',1240,,60,14,0,47 20 58 2 59,0
