45201,'0646380e515e0e55705d',1820,,131,17,0,68 14 15,0
45201,'172f65311663730f1c1d',1219,,132,21,0,68 14 15,0
45201,'1c2e3625233d01453772',900,,378,16,0,65 14 45,0
45201,'204c681517280a424324',824,,136,16,0,68 14 15,0,200,,137,16,0,68 14 15,0,395,,133,16,0,68 14 15,0,200,,134,16,0,68 14 15,0,411,,135,16,0,68 14 15,0
45201,'311419515b6b024e4515',1820,,139,21,0,68 14 15,0
45201,'38330f282a2b4a5e2a78',1820,,379,17,0,68 14 15,0
45201,'3c57162a6f2449753f29',1820,,380,17,0,68 14 15,0
45201,'44521d0a5f7630785e17',630,,146,16,0,68 14 15,0,105,,149,16,0,68 14 15,0,284,,150,16,0,68 14 15,0,86,,151,16,0,68 14 15,0,152,,141,17,0,68 14 15,0,162,,142,16,0,68 14 15,0,135,,143,16,0,68 14 15,0,158,,144,17,0,68 14 15,0,98,,145,21,0,68 14 15,0,93,,147,17,0,68 14 15,0,105,,148,16,0,68 14 15,0
45201,'4d7a6615443531084902',858,,152,16,0,65 14 45,0
45201,'7f053522120e29061946',824,,155,16,0,68 14 15,0,200,,156,16,0,68 14 15,0,395,,153,16,0,68 14 15,0,200,,154,16,0,68 14 15,0
