45000,'02070559307629202a09',919,,6,3,0,54 55,0,290,,1,3,0,54 55,0,210,,2,3,0,44 14 45 46,0,215,,4,3,0,44 14 45 46,0,285,,5,3,0,44 14 45 46,0
45000,'075f4276790e1e273655',919,,247,5,0,54 55,0,290,,245,5,0,54 55,0
45000,'0a2f1e22095132130163',1734,,8,6,0,44 14 45 46,0,101,,10,5,0,44 14 45 46,0
45000,'0c4d4a5702287833722f',919,,250,5,0,44 14 45 46,0,290,,249,5,0,44 14 45 46,0
45000,'1a20552b5a400f716a1b',919,,16,3,0,54 55,0,290,,11,3,0,54 55,0,210,,12,3,0,44 14 45 46,0,295,,14,3,0,44 14 45 46,0,325,,15,3,0,44 14 45 46,0
45000,'1c2e3625233d01453772',1114,,251,5,0,44 14 45 46,0,630,,252,5,0,44 14 45 46,0,170,,253,5,0,44 14 45 46,0,125,,254,5,0,44 14 45 46,0
45000,'1f5759673f12020b0a50',1419,,255,5,0,44 14 45 46,0,215,,256,5,0,44 14 45 46,0,285,,257,5,0,44 14 45 46,0
45000,'20705f6f6c1d470f2a10',919,,260,5,0,54 55,0,290,,258,5,0,54 55,0
45000,'2a08755845643968295b',844,,20,3,0,54 55,0,365,,18,3,0,54 55,0,210,,19,3,0,44 14 45 46,0
45000,'2a5b3362091f52630354',725,,22,4,0,44 14 45 46,0,89,,24,3,0,44 56 57,0,420,,21,3,0,44 14 45 46,0,380,,23,3,0,44 14 45 46,0
45000,'31744f7e5638320a2d4c',1234,,262,8,0,44 14 45 46,0,110,,264,5,0,44 14 45 46,0
45000,'320823102b697f311363',919,,266,5,0,44 14 45 46,0,290,,265,5,0,44 14 45 46,0
45000,'3823594e52252d7f6b14',1419,,267,5,0,44 14 45 46,0,295,,268,5,0,44 14 45 46,0,325,,269,3,0,44 14 45 46,0
45000,'494a652c1e455e3d7c72',814,,272,5,0,44 56 57,0,420,,270,5,0,44 14 45 46,0,380,,271,5,0,44 14 45 46,0
45000,'4d7a6615443531084902',1114,,25,3,0,44 14 45 46,0,630,,26,3,0,44 14 45 46,0,170,,27,3,0,44 14 45 46,0,125,,28,3,0,44 14 45 46,0
45000,'553d275f1455102c362a',1734,,273,7,0,44 14 45 46,0,101,,275,6,0,44 14 45 46,0
45000,'725616403949496a5c67',1234,,29,7,0,44 14 45 46,0,110,,31,3,0,44 14 45 46,0
45000,'7c40501f37807a467b28',844,,278,5,0,54 55,0,365,,276,5,0,54 55,0,210,,277,5,0,44 14 45 46,0
45000,'7f443a14596255477616',725,,279,6,0,44 14 45 46,0
