45200,'09723e564c7f765c2a4d',731,,107,6,0,5 69 70,0
45200,'172f65311663730f1c1d',1336,,108,15,0,63 64,0
45200,'1c1c0f437079497b5e2b',758,,376,15,0,5 6 7,0
45200,'1c2e3625233d01453772',1756,,377,24,0,5 8 9 10,0
45200,'204c681517280a424324',1136,,113,15,0,5 8 9 10,0,400,,109,15,0,5 8 9 10,0,200,,110,15,0,5 8 9 10,0,200,,111,15,0,5 8 9 10,0,190,,112,15,0,5 8 9 10,0
45200,'311419515b6b024e4515',936,,114,15,0,63 64,0
45200,'44521d0a5f7630785e17',806,,122,15,0,63 64,0,35,,123,15,0,5 6 7,0,295,,124,15,0,5 8 9 10,0,70,,125,15,0,5 8 9 10,0,220,,115,15,0,5 8 9 10,0,110,,116,15,0,5 8 9 10,0,110,,117,15,0,5 8 9 10,0,185,,118,15,0,5 8 9 10,0,95,,119,15,0,5 8 9 10,0,75,,120,15,0,5 8 9 10,0,115,,121,15,0,5 8 9 10,0
45200,'4d7a6615443531084902',1756,,126,24,0,5 8 9 10,0
45200,'7f053522120e29061946',1136,,130,15,0,5 8 9 10,0,400,,127,15,0,5 8 9 10,0,200,,128,15,0,5 8 9 10,0,200,,129,15,0,5 8 9 10,0
45400,'02070559307629202a09',937,,167,16,4,,0,476,,165,16,4,,0,443,,166,16,4,,0
45400,'075f4276790e1e273655',937,,391,16,4,,0,476,,389,16,4,,0,443,,390,16,4,,0
45400,'2a08755845643968295b',908,,174,16,4,,0,505,,171,16,4,,0,415,,172,16,4,,0
45400,'7c40501f37807a467b28',908,,413,16,4,,0,505,,411,16,4,,0,415,,412,16,4,,0
45401,'02070559307629202a09',703,,184,1,0,28 22 14 15,0,435,,185,1,0,28 22 14 15,0,495,,183,1,0,28 22 14 15,0
45401,'075f4276790e1e273655',703,,416,1,0,28 22 14 15,0,435,,417,1,0,28 22 14 15,0,495,,415,1,0,28 22 14 15,0
45401,'2a08755845643968295b',630,,190,1,0,28 22 14 15,0,508,,191,1,0,28 22 14 15,0,400,,188,1,0,28 22 14 15,0
45401,'7c40501f37807a467b28',630,,434,1,0,28 22 14 15,0,508,,435,1,0,28 22 14 15,0,400,,433,1,0,28 22 14 15,0
45700,'02070559307629202a09',908,,225,21,4,,0,330,,226,21,4,,0,300,,227,21,4,,0
45700,'075f4276790e1e273655',908,,463,21,4,,0,330,,464,21,4,,0,300,,465,21,4,,0
45700,'1c2e3625233d01453772',908,,466,21,4,,0,330,,467,21,4,,0,300,,468,21,4,,0
45700,'2a5b3362091f52630354',753,,228,13,4,,0
45700,'4d7a6615443531084902',908,,230,21,4,,0,330,,231,21,4,,0,300,,232,21,4,,0
45700,'7f443a14596255477616',753,,469,13,4,,0
45701,'02070559307629202a09',940,,233,1,0,63 64,0,360,,234,1,0,63 64,0,410,,235,1,0,63 64,0
45701,'06693a797f7b73176b39',1710,,471,1,0,63 64,0
45701,'075f4276790e1e273655',940,,472,1,0,63 64,0,360,,473,1,0,63 64,0,410,,474,1,0,63 64,0
45701,'1c2e3625233d01453772',940,,475,1,0,63 64,0,360,,476,1,0,63 64,0
45701,'1c42311e025d3b40504f',1710,,236,1,0,63 64,0
45701,'296b622873433b653522',1710,,237,1,0,36 27 31 37,0
45701,'2a08755845643968295b',1710,,238,1,0,63 64,0
45701,'31744f7e5638320a2d4c',1210,,477,1,0,36 27 31 37,0
45701,'416039027b4e59137846',1710,,479,1,0,36 27 31 37,0
45701,'44487e3c3e7f21570e19',1710,,481,1,0,36 27 31 37,0
45701,'4d7a6615443531084902',940,,239,1,0,63 64,0,360,,240,1,0,63 64,0
45701,'59737b0d0f044b52693e',1710,,482,1,0,63 64,0
45701,'693b6416011017175f3d',1710,,241,1,0,36 27 31 37,0
45701,'725616403949496a5c67',1210,,243,1,0,36 27 31 37,0
