45700,'02070559307629202a09',846,,225,16,0,19 20 21,0,370,,226,16,0,19 20 21,0,300,,227,16,0,19 20 21,0
45700,'2a5b3362091f52630354',732,,229,2,0,5 22 23 24,0
45700,'4d7a6615443531084902',846,,230,16,0,19 20 21,0,370,,231,16,0,19 20 21,0,300,,232,16,0,19 20 21,0
45701,'02070559307629202a09',1002,,233,6,0,63 64,0,320,,234,6,0,63 64,0,422,,235,6,0,63 64,0
45701,'1c42311e025d3b40504f',1744,,236,6,0,63 64,0
45701,'296b622873433b653522',1744,,237,6,0,36 27 31 37,0
45701,'2a08755845643968295b',1744,,238,6,0,63 64,0
45701,'4d7a6615443531084902',1002,,239,6,0,63 64,0,320,,240,6,0,63 64,0
45701,'693b6416011017175f3d',1744,,241,7,0,36 27 31 37,0
45701,'725616403949496a5c67',1227,,243,6,0,36 27 31 37,0,7,,244,5,0,66 67,0
