45401,'02070559307629202a09',757,,184,10,0,28 22 14 15,0,461,,185,10,0,28 22 14 15,0,500,,183,10,0,28 22 14 15,0
45401,'075f4276790e1e273655',757,,416,10,0,28 22 14 15,0,461,,417,10,0,28 22 14 15,0,500,,415,10,0,28 22 14 15,0
45401,'0a2f1e22095132130163',1253,,186,9,0,28 22 14 15,0
45401,'0e5131610429337c0530',635,,418,9,0,28 29 30 31 20 32,0
45401,'184134507f4517151633',714,,420,9,0,28 22 14 15,0,539,,419,9,0,28 22 14 15,0
45401,'1c2e3625233d01453772',837,,421,9,0,28 22 14 15,0
45401,'2a08755845643968295b',714,,190,10,0,28 22 14 15,0,504,,191,10,0,28 22 14 15,0,189,,187,9,0,28 22 14 15,0,211,,188,10,0,28 22 14 15,0,190,,189,9,0,28 29 30 31 20 32,0
45401,'2a5b3362091f52630354',714,,195,9,0,28 22 14 15,0,713,,192,9,0,28 22 14 15,0,191,,193,9,0,28 22 14 15,0,200,,194,11,0,28 29 30 31 20 32,0
45401,'31744f7e5638320a2d4c',1301,,422,11,0,28 22 14 15,0
45401,'320823102b697f311363',757,,425,9,0,28 22 14 15,0,461,,423,9,0,28 22 14 15,0,500,,424,9,0,28 22 14 15,0
45401,'416039027b4e59137846',1823,,427,11,0,28 29 30 31 20 32,0
45401,'494a652c1e455e3d7c72',1427,,428,9,0,28 22 14 15,0,191,,429,9,0,28 22 14 15,0
45401,'4d7a6615443531084902',837,,196,9,0,28 22 14 15,0
45401,'553d275f1455102c362a',1253,,430,9,0,28 22 14 15,0
45401,'59737b0d0f044b52693e',1808,,431,9,0,28 29 30 31 20 32,0
45401,'693b6416011017175f3d',1823,,198,11,0,28 29 30 31 20 32,0
45401,'725616403949496a5c67',1301,,199,11,0,28 22 14 15,0
45401,'7c40501f37807a467b28',714,,434,10,0,28 22 14 15,0,504,,435,10,0,28 22 14 15,0,189,,432,9,0,28 22 14 15,0,211,,433,10,0,28 22 14 15,0
45401,'7f443a14596255477616',714,,437,9,0,28 22 14 15,0,1104,,436,11,0,28 29 30 31 20 32,0
