45700,'02070559307629202a09',802,,225,2,0,19 20 21,0,330,,226,2,0,19 20 21,0,300,,227,2,0,19 20 21,0
45700,'075f4276790e1e273655',802,,463,2,0,19 20 21,0,330,,464,2,0,19 20 21,0,300,,465,2,0,19 20 21,0
45700,'1c2e3625233d01453772',802,,466,2,0,19 20 21,0,330,,467,2,0,19 20 21,0,300,,468,2,0,19 20 21,0
45700,'4d7a6615443531084902',802,,230,2,0,19 20 21,0,330,,231,2,0,19 20 21,0,300,,232,2,0,19 20 21,0
45701,'02070559307629202a09',1046,,233,20,0,63 64,0,360,,234,20,0,63 64,0,422,,235,20,0,63 64,0
45701,'06693a797f7b73176b39',1829,,471,20,0,63 64,0
45701,'075f4276790e1e273655',1047,,472,20,0,63 64,0,360,,473,20,0,63 64,0,422,,474,20,0,63 64,0
45701,'1c2e3625233d01453772',1047,,475,20,0,63 64,0,360,,476,20,0,63 64,0
45701,'1c42311e025d3b40504f',1828,,236,20,0,63 64,0
45701,'2a08755845643968295b',1828,,238,20,0,63 64,0
45701,'416039027b4e59137846',1829,,480,21,0,63 64,0
45701,'4d7a6615443531084902',1046,,239,20,0,63 64,0,360,,240,20,0,63 64,0
45701,'59737b0d0f044b52693e',1829,,482,20,0,63 64,0
45701,'693b6416011017175f3d',1828,,242,21,0,63 64,0
