45100,'02070559307629202a09',747,,64,12,0,28 12 38,0,390,,61,12,0,28 12 38,0,300,,62,12,0,28 12 38,0,280,,63,12,0,28 12 38,0
45100,'0a2f1e22095132130163',1802,,65,13,0,28 12 38,0
45100,'0d4e3278231744213640',1242,,315,13,0,28 12 38,0,400,,316,13,0,28 12 38,0,295,,317,12,0,28 12 38,0
45100,'184134507f4517151633',857,,319,12,0,28 12 38,0
45100,'1c2e3625233d01453772',1437,,320,12,0,28 12 38,0
45100,'2a08755845643968295b',747,,68,12,0,28 12 38,0,390,,66,12,0,28 12 38,0,580,,67,12,0,28 12 38,0
45100,'2a5b3362091f52630354',722,,75,12,0,39 6 40 41,0,10,,76,12,0,39 6 40 41,0,2,,77,12,0,39 6 40 41,0,83,,78,13,0,28 42 43,0,40,,79,13,0,28 42 43,0,180,,69,12,0,28 12 38,0,205,,70,13,0,28 12 38,0,305,,71,12,0,28 12 38,0,95,,72,13,0,28 12 38,0,100,,73,13,0,28 12 38,0,100,,74,13,0,28 12 38,0
45100,'31744f7e5638320a2d4c',1342,,321,12,0,28 12 38,0
45100,'320823102b697f311363',847,,322,12,0,28 12 38,0
45100,'34470046707605410b09',747,,326,12,0,28 12 38,0,391,,323,12,0,28 12 38,0,299,,324,12,0,28 12 38,0,280,,325,12,0,28 12 38,0
45100,'494a652c1e455e3d7c72',1547,,327,12,0,28 12 38,0
45100,'4d7a6615443531084902',1437,,80,12,0,28 12 38,0
45100,'553d275f1455102c362a',1802,,328,13,0,28 12 38,0
45100,'59737b0d0f044b52693e',747,,331,12,0,28 12 38,0,391,,329,12,0,28 12 38,0,579,,330,12,0,28 12 38,0
45100,'720e2d0f476223047d12',1547,,332,12,0,28 12 38,0
45100,'725616403949496a5c67',1342,,81,12,0,28 12 38,0
45100,'7f443a14596255477616',722,,338,12,0,39 6 40 41,0,10,,339,12,0,39 6 40 41,0,2,,340,12,0,39 6 40 41,0,83,,341,13,0,28 42 43,0,40,,342,13,0,28 42 43,0,180,,333,12,0,28 12 38,0,205,,334,13,0,28 12 38,0,400,,335,13,0,28 12 38,0,100,,336,13,0,28 12 38,0,100,,337,13,0,28 12 38,0
45300,'1c2e3625233d01453772',703,,381,9,0,47 48 49,0,325,,382,9,0,47 48 49,0,280,,383,9,0,47 48 49,0,310,,384,9,0,47 48 49,0
45300,'4d7a6615443531084902',703,,157,9,0,47 48 49,0,325,,158,9,0,47 48 49,0,280,,159,9,0,47 48 49,0,310,,160,9,0,47 48 49,0
