45000,'02070559307629202a09',905,,6,1,0,54 55,0,250,,1,1,0,54 55,0,250,,2,1,0,44 14 45 46,0,215,,4,1,0,44 14 45 46,0,285,,5,1,0,44 14 45 46,0
45000,'075f4276790e1e273655',905,,247,1,0,54 55,0,250,,245,1,0,54 55,0
45000,'0c4d4a5702287833722f',905,,250,1,0,44 14 45 46,0,250,,249,1,0,44 14 45 46,0
45000,'1a20552b5a400f716a1b',905,,16,1,0,54 55,0,250,,11,1,0,54 55,0,250,,12,1,0,44 14 45 46,0,295,,14,1,0,44 14 45 46,0,325,,15,1,0,44 14 45 46,0
45000,'1c2e3625233d01453772',1100,,251,1,0,44 14 45 46,0,630,,252,1,0,44 14 45 46,0,170,,253,1,0,44 14 45 46,0,125,,254,1,0,44 14 45 46,0
45000,'1f5759673f12020b0a50',1405,,255,1,0,44 14 45 46,0,215,,256,1,0,44 14 45 46,0,285,,257,1,0,44 14 45 46,0
45000,'20705f6f6c1d470f2a10',905,,260,1,0,54 55,0,250,,258,1,0,54 55,0
45000,'2a08755845643968295b',830,,20,1,0,54 55,0,325,,18,1,0,54 55,0,250,,19,1,0,44 14 45 46,0
45000,'2a5b3362091f52630354',710,,22,1,0,44 14 45 46,0,90,,24,1,0,44 56 57,0,420,,21,1,0,44 14 45 46,0,380,,23,1,0,44 14 45 46,0
45000,'31744f7e5638320a2d4c',1210,,262,2,0,44 14 45 46,0,120,,264,1,0,44 14 45 46,0
45000,'320823102b697f311363',905,,266,1,0,44 14 45 46,0,250,,265,1,0,44 14 45 46,0
45000,'3823594e52252d7f6b14',1405,,267,1,0,44 14 45 46,0,295,,268,1,0,44 14 45 46,0,325,,269,1,0,44 14 45 46,0
45000,'494a652c1e455e3d7c72',800,,272,1,0,44 56 57,0,420,,270,1,0,44 14 45 46,0,380,,271,1,0,44 14 45 46,0
45000,'4d7a6615443531084902',1100,,25,1,0,44 14 45 46,0,630,,26,1,0,44 14 45 46,0,170,,27,1,0,44 14 45 46,0,125,,28,1,0,44 14 45 46,0
45000,'725616403949496a5c67',1210,,29,2,0,44 14 45 46,0,120,,31,1,0,44 14 45 46,0
45000,'7c40501f37807a467b28',830,,278,1,0,54 55,0,325,,276,1,0,54 55,0,250,,277,1,0,44 14 45 46,0
45000,'7f443a14596255477616',710,,279,1,0,44 14 45 46,0
