45400,'02070559307629202a09',930,,167,15,0,19 20 21,0,476,,165,15,0,19 20 21,0,443,,166,15,0,19 20 21,0
45400,'075f4276790e1e273655',930,,391,15,0,19 20 21,0,476,,389,15,0,19 20 21,0,443,,390,15,0,19 20 21,0
45400,'0a2f1e22095132130163',1326,,168,15,4,,0,500,,169,17,4,,0
45400,'0e5131610429337c0530',755,,393,17,4,,0
45400,'184134507f4517151633',1326,,395,15,4,,0,495,,396,15,4,,0
45400,'1c2e3625233d01453772',1721,,397,15,4,,0
45400,'2a08755845643968295b',741,,173,15,4,,0,160,,174,15,0,19 20 21,0,355,,170,15,4,,0,150,,171,15,0,19 20 21,0,415,,172,15,0,19 20 21,0
45400,'2a5b3362091f52630354',755,,176,17,4,,0,146,,177,15,4,,0,535,,175,15,4,,0
45400,'31744f7e5638320a2d4c',1334,,398,18,4,,0,487,,399,15,4,,0
45400,'320823102b697f311363',930,,402,15,4,,0,476,,400,15,4,,0,443,,401,15,4,,0
45400,'416039027b4e59137846',2002,,404,14,4,,0
45400,'494a652c1e455e3d7c72',901,,406,15,4,,0,535,,405,15,4,,0
45400,'4d7a6615443531084902',1721,,178,15,4,,0
45400,'553d275f1455102c362a',1326,,407,15,4,,0,500,,408,17,4,,0
45400,'59737b0d0f044b52693e',741,,409,15,4,,0
45400,'693b6416011017175f3d',2002,,180,14,4,,0
45400,'725616403949496a5c67',1334,,181,18,4,,0,487,,182,15,4,,0
45400,'7c40501f37807a467b28',901,,413,15,0,19 20 21,0,355,,410,15,4,,0,150,,411,15,0,19 20 21,0,415,,412,15,0,19 20 21,0
45400,'7f443a14596255477616',755,,414,17,4,,0
45500,'02070559307629202a09',941,,200,8,0,5 8 9 10,0,479,,201,8,0,5 8 9 10,0
45500,'112a0b7f332a564f1678',1355,,438,8,0,5 8 9 10,0
45500,'1c2e3625233d01453772',905,,439,8,0,5 8 9 10,0,195,,440,8,0,5 8 9 10,0
45500,'1f5759673f12020b0a50',941,,441,8,0,5 8 9 10,0,479,,442,8,0,5 8 9 10,0
45500,'200a2d69427732221f48',1355,,202,8,0,5 8 9 10,0
45500,'2a5b3362091f52630354',731,,203,6,0,5 6 7,0
45500,'2e1c0e785a2119762825',1355,,205,8,0,5 8 9 10,0
45500,'31744f7e5638320a2d4c',1355,,443,13,0,5 8 9 10,0
45500,'495e5f3d32634b3b5042',1355,,444,8,0,5 8 9 10,0
45500,'4d7a6615443531084902',905,,206,8,0,5 8 9 10,0,195,,207,8,0,5 8 9 10,0
45500,'725616403949496a5c67',1355,,208,13,0,5 8 9 10,0
45500,'7f443a14596255477616',731,,445,6,0,5 6 7,0
45501,'02070559307629202a09',1230,,209,1,0,33 20,0,485,,210,1,0,33 20,0
45501,'0a2f1e22095132130163',1745,,211,4,0,11 12,0
45501,'1c2e3625233d01453772',915,,447,1,0,33 20,0,315,,448,1,0,33 20,0
45501,'1f5759673f12020b0a50',1230,,449,1,0,33 20,0,485,,450,1,0,33 20,0
45501,'2a08755845643968295b',1745,,213,1,0,33 20,0
45501,'2a5b3362091f52630354',820,,214,4,0,33 20,0
45501,'31744f7e5638320a2d4c',1227,,451,4,0,11 12,0,518,,452,1,0,11 12,0
45501,'4d7a6615443531084902',915,,215,1,0,33 20,0,315,,216,1,0,33 20,0
45501,'553d275f1455102c362a',1742,,453,4,0,11 12,0
45501,'59737b0d0f044b52693e',1745,,455,1,0,33 20,0
45501,'725616403949496a5c67',1230,,217,4,0,11 12,0,515,,218,1,0,11 12,0
45501,'7f443a14596255477616',817,,456,4,0,33 20,0
45600,'02070559307629202a09',941,,219,16,4,,0
45600,'1f5759673f12020b0a50',941,,457,16,4,,0
45600,'2a5b3362091f52630354',731,,220,16,0,5 6 7,0
45600,'31744f7e5638320a2d4c',1356,,458,16,0,5 6 7,0
45600,'725616403949496a5c67',1356,,221,16,0,5 6 7,0
45600,'7f443a14596255477616',731,,459,16,0,5 6 7,0
45601,'02070559307629202a09',1230,,222,1,0,26 27,0
45601,'1f5759673f12020b0a50',1230,,460,1,0,26 27,0
45601,'2a5b3362091f52630354',1745,,223,4,0,26 27,0
45601,'31744f7e5638320a2d4c',1230,,461,4,0,26 27,0
45601,'725616403949496a5c67',1230,,224,4,0,26 27,0
45601,'7f443a14596255477616',1745,,462,4,0,26 27,0
